Tarih,Hisse,open,high,low,close,volume,YuksekKapanis_Fark,AcilisKapanis_Fark,AcilisKapanisFark_Ort,AcilisKapanisFark_OrtalamayaGoreDegisim,AcilisKapanisFarkOrt_MaxSon10,HacimOrtalama,%Hacim_HacimOrtalama,Kosul,isPivot,pointpos,destek,direnc
24-05-2024 12:00,BOSSA,17.63,18.69,17.6,18.59,2030461.0,0.1,0.96,0.12,727.59,0.96,1154852.9,75.82,True,0,,16.43,ATH
24-05-2024 11:00,EGEPO,23.48,24.54,23.44,24.38,549376.0,0.16,0.9,0.08,1084.21,0.9,218317.5,151.64,True,0,,23.06,24.5
24-05-2024 11:00,DZGYO,5.16,5.23,5.15,5.22,730506.0,0.01,0.06,0.0,1900.0,0.06,215305.1,239.29,True,0,,5.16,5.23
24-05-2024 11:00,DMRGD,14.78,15.06,14.78,15.06,558191.0,0.0,0.28,0.03,900.0,0.28,199740.4,179.46,True,0,,14.7,15.53
24-05-2024 11:00,PSGYO,5.75,6.05,5.75,5.97,16854010.0,0.08,0.22,0.02,1000.0,0.22,2496241.3,575.18,True,0,,5.65,ATH
24-05-2024 11:00,SAYAS,73.6,75.25,73.6,75.0,179383.0,0.25,1.4,0.02,9233.33,1.4,112974.1,58.78,True,0,,70.6,78.05
24-05-2024 11:00,FENER,107.6,109.5,107.6,109.2,760048.0,0.3,1.6,0.21,661.9,1.6,402305.7,88.92,True,0,,106.3,111.9
24-05-2024 11:00,GSRAY,9.4,9.64,9.4,9.63,17726925.0,0.01,0.23,0.04,557.14,0.23,9272394.2,91.18,True,0,,8.45,ATH
24-05-2024 11:00,HDFGS,2.06,2.1,2.06,2.09,4161805.0,0.01,0.03,0.0,1400.0,0.03,2276901.8,82.78,True,0,,2.03,2.13
24-05-2024 10:00,BJKAS,37.98,39.64,37.98,39.64,27847120.0,0.0,1.66,0.18,843.18,1.66,5120140.7,443.87,True,0,,27.56,ATH
24-05-2024 10:00,SELEC,52.3,54.4,52.15,53.9,1522732.0,0.5,1.6,0.12,1233.33,1.6,327201.2,365.38,True,0,,51.3,ATH
24-05-2024 10:00,ARZUM,64.05,66.9,63.0,66.9,2568177.0,0.0,2.85,0.42,578.57,2.85,480818.3,434.13,True,0,,44.5,ATH
24-05-2024 10:00,BERA,19.28,19.89,18.99,19.79,6658821.0,0.1,0.51,0.05,862.26,0.51,1590148.1,318.75,True,0,,18.31,20.38
24-05-2024 10:00,ATAKP,52.05,53.85,51.75,53.55,1019203.0,0.3,1.5,0.2,669.23,1.5,416356.0,144.79,True,0,,46.02,ATH
24-05-2024 10:00,BRKVY,62.85,66.2,62.7,65.7,939630.0,0.5,2.85,0.09,3066.67,2.85,245884.3,282.14,True,0,,64.05,79.0
24-05-2024 10:00,SILVR,21.28,22.14,21.1,21.96,1266973.0,0.18,0.68,0.15,359.46,0.68,526504.2,140.64,True,0,,18.27,ATH
24-05-2024 10:00,AVTUR,14.79,15.5,14.36,15.47,497435.0,0.03,0.68,0.1,553.85,0.68,109466.1,354.42,True,0,,13.97,15.88
24-05-2024 10:00,DOFER,47.66,48.66,46.9,48.62,506053.0,0.04,0.96,0.21,366.02,0.96,260573.0,94.21,True,0,,44.82,ATH
24-05-2024 10:00,ALTIN,24.28,24.37,24.25,24.37,2581635.0,0.0,0.09,0.02,462.5,0.09,1445184.6,78.64,True,0,,24.21,25.17
24-05-2024 10:00,EDIP,23.42,24.14,22.98,23.98,255751.0,0.16,0.56,0.01,4566.67,0.56,76092.8,236.1,True,0,,23.66,25.3
24-05-2024 10:00,PRKME,24.28,25.22,24.2,24.96,1371963.0,0.26,0.68,0.07,871.43,0.68,255277.0,437.44,True,0,,24.36,26.0
24-05-2024 10:00,TSPOR,2.14,2.23,2.11,2.21,51988358.0,0.02,0.07,0.0,6900.0,0.07,17838195.6,191.44,True,0,,1.97,2.3
24-05-2024 10:00,EPLAS,7.17,7.33,7.11,7.29,1142804.0,0.04,0.12,0.01,1233.33,0.12,624916.0,82.87,True,0,,6.94,8.27
24-05-2024 10:00,GEREL,42.74,43.62,42.12,43.46,578405.0,0.16,0.72,0.22,221.43,0.72,270067.2,114.17,True,0,,41.6,44.0
24-05-2024 10:00,VRGYO,26.7,27.52,26.64,27.32,1140703.0,0.2,0.62,0.01,5066.67,0.62,236158.1,383.03,True,0,,27.04,30.0
24-05-2024 10:00,ETILR,24.0,24.5,24.0,24.38,347914.0,0.12,0.38,0.06,555.17,0.38,130879.6,165.83,True,0,,22.0,24.48
24-05-2024 10:00,MAKTK,6.93,7.09,6.92,7.06,1009816.0,0.03,0.13,0.02,519.05,0.13,509382.6,98.24,True,0,,6.57,ATH
24-05-2024 10:00,MOGAN,14.19,14.65,14.18,14.53,6579081.0,0.12,0.34,0.02,2166.67,0.34,2185568.9,201.02,True,0,,ATL,16.5
24-05-2024 10:00,ELITE,33.12,34.46,32.8,34.32,1384246.0,0.14,1.2,0.03,4515.38,1.2,321075.6,331.13,True,0,,ATL,40.18
24-05-2024 10:00,ODINE,66.5,70.45,66.25,70.0,1052116.0,0.45,3.5,0.6,488.24,3.5,326579.1,222.16,True,0,,61.75,ATH
23-05-2024 17:00,FRIGO,8.72,9.09,8.66,9.09,2440842.0,0.0,0.37,0.07,436.23,0.37,1501879.6,62.52,True,0,,7.48,ATH
23-05-2024 17:00,GLRYH,11.04,11.19,11.02,11.16,242254.0,0.03,0.12,0.01,1614.29,0.12,149460.4,62.09,True,0,,11.02,11.77
23-05-2024 17:00,SKTAS,6.05,6.29,6.0,6.29,296109.0,0.0,0.24,0.02,1042.86,0.24,170976.6,73.19,True,0,,5.66,6.3
23-05-2024 16:00,ESCOM,71.5,74.55,71.5,73.75,213684.0,0.8,2.25,0.0,inf,2.25,79639.7,168.31,True,0,,71.3,76.45
23-05-2024 16:00,EUHOL,3.79,3.83,3.79,3.82,2451324.0,0.01,0.03,0.01,172.73,0.03,1394082.1,75.84,True,0,,3.65,ATH
23-05-2024 16:00,SUWEN,28.08,29.16,28.08,28.98,690333.0,0.18,0.9,0.23,294.74,0.9,196605.8,251.13,True,0,,26.42,ATH
23-05-2024 16:00,AEFES,204.9,206.2,204.9,206.0,343292.0,0.2,1.1,0.19,478.95,1.1,212975.7,61.19,True,0,,205.5,212.4
23-05-2024 16:00,AYDEM,34.5,35.02,34.18,34.96,520338.0,0.06,0.46,0.02,1990.91,0.46,325691.1,59.76,True,0,,33.78,ATH
23-05-2024 15:00,ALKIM,37.82,38.6,37.82,38.48,329951.0,0.12,0.66,0.01,6500.0,0.66,154406.2,113.69,True,1,38.6,37.38,38.6
23-05-2024 14:00,EDATA,21.22,21.6,21.2,21.5,477426.0,0.1,0.28,0.1,191.67,0.28,316046.2,51.06,True,0,,19.3,ATH
23-05-2024 14:00,MARBL,16.03,16.37,16.02,16.31,621235.0,0.06,0.28,0.03,976.92,0.28,365923.8,69.77,True,0,,15.52,16.79
23-05-2024 14:00,BMSTL,37.08,37.96,37.0,37.96,681701.0,0.0,0.88,0.07,1233.33,0.88,169782.3,301.51,True,0,,33.22,38.52
23-05-2024 14:00,ISYAT,10.76,11.09,10.74,11.04,692269.0,0.05,0.28,0.04,636.84,0.28,242445.2,185.54,True,0,,10.65,ATH
23-05-2024 14:00,IPEKE,40.52,41.12,40.48,40.98,1240193.0,0.14,0.46,0.1,360.0,0.46,481345.5,157.65,True,1,41.12,39.62,41.12
23-05-2024 13:00,VAKFN,3.44,3.52,3.44,3.5,8326774.0,0.02,0.06,0.01,500.0,0.06,4289300.5,94.13,True,0,,3.36,3.56
23-05-2024 13:00,KOCMT,22.76,24.22,22.76,23.84,49410092.0,0.38,1.08,0.15,620.0,1.08,29566542.2,67.11,True,0,,22.08,24.52
23-05-2024 13:00,YGYO,9.41,9.78,9.27,9.74,1370004.0,0.04,0.33,0.02,1334.78,0.33,858601.2,59.56,True,1,9.78,8.76,9.78
23-05-2024 13:00,AKSEN,45.7,46.78,45.56,46.74,1696267.0,0.04,1.04,0.13,687.88,1.04,826899.4,105.14,True,0,,45.06,47.0
23-05-2024 12:00,PCILT,16.55,17.17,16.45,17.11,2030231.0,0.06,0.56,0.1,438.46,0.56,1025378.9,98.0,True,1,17.17,15.88,17.17
23-05-2024 12:00,DAGI,9.74,9.92,9.68,9.89,541433.0,0.03,0.15,0.01,1053.85,0.15,266941.5,102.83,True,0,,9.56,10.08
23-05-2024 12:00,DERHL,7.71,8.09,7.69,8.0,1382612.0,0.09,0.29,0.02,1160.87,0.29,542122.5,155.04,True,0,,7.61,8.93
23-05-2024 12:00,ISGYO,17.88,18.25,17.86,18.21,2343772.0,0.04,0.33,0.02,1550.0,0.33,1274121.4,83.95,True,0,,17.28,18.32
23-05-2024 12:00,ISFIN,14.61,14.89,14.59,14.89,1565828.0,0.0,0.28,0.05,438.46,0.28,976419.1,60.36,True,0,,13.88,ATH
23-05-2024 12:00,EGSER,3.88,3.92,3.87,3.92,1134325.0,0.0,0.04,0.0,700.0,0.04,663737.4,70.9,True,0,,3.84,ATH
23-05-2024 12:00,BANVT,297.5,323.25,296.75,318.25,454797.0,5.0,20.75,1.55,1238.71,20.75,133883.4,239.7,True,0,,286.5,ATH
23-05-2024 11:00,OZKGY,8.84,8.99,8.83,8.97,2235147.0,0.02,0.13,0.01,900.0,0.13,969779.4,130.48,True,0,,8.7,9.12
23-05-2024 11:00,BASGZ,32.02,32.74,32.02,32.64,561679.0,0.1,0.62,0.07,839.39,0.62,369716.5,51.92,True,0,,29.34,ATH
23-05-2024 11:00,RGYAS,126.2,130.6,126.0,130.5,2831312.0,0.1,4.3,0.7,514.29,4.3,545584.3,418.95,True,0,,120.8,ATH
23-05-2024 11:00,KARSN,13.27,13.58,13.27,13.52,10361359.0,0.06,0.25,0.02,1090.48,0.25,4176883.4,148.06,True,0,,13.1,13.54
23-05-2024 11:00,YYLGD,13.73,14.27,13.72,14.16,4662102.0,0.11,0.43,0.03,1203.03,0.43,1595923.8,192.13,True,1,14.27,13.44,14.27
23-05-2024 11:00,TATGD,26.78,27.36,26.74,27.3,370696.0,0.06,0.52,0.06,738.71,0.52,198489.0,86.76,True,0,,26.62,27.68
23-05-2024 11:00,RYSAS,46.0,46.98,45.84,46.88,120530.0,0.1,0.88,0.03,3284.62,0.88,56896.6,111.84,True,0,,44.8,48.26
23-05-2024 11:00,DEVA,95.6,101.8,93.6,100.8,1943842.0,1.0,5.2,0.78,566.67,5.2,492284.3,294.86,True,1,101.8,90.95,101.8
23-05-2024 11:00,BIOEN,18.17,18.73,18.16,18.66,2266900.0,0.07,0.49,0.01,4354.55,0.49,1094785.7,107.06,True,0,,17.84,19.68
23-05-2024 10:00,VAKKO,115.7,118.0,114.8,117.9,159135.0,0.1,2.2,0.05,4300.0,2.2,72042.2,120.89,True,0,,114.5,120.6
23-05-2024 10:00,ENKAI,39.68,40.96,39.52,40.96,9549891.0,0.0,1.28,0.22,481.82,1.28,2758075.3,246.25,True,0,,36.14,ATH
23-05-2024 10:00,SOKM,65.45,66.5,65.2,66.25,2031257.0,0.25,0.8,0.01,5233.33,0.8,946920.9,114.51,True,0,,65.0,69.0
23-05-2024 10:00,CEMAS,3.75,4.08,3.67,4.07,35341364.0,0.01,0.32,0.05,566.67,0.32,10940753.9,223.02,True,0,,3.3,ATH
23-05-2024 10:00,PETKM,21.14,21.5,21.08,21.44,20587128.0,0.06,0.3,0.0,inf,0.3,9724320.4,111.71,True,2,21.08,21.08,22.04
23-05-2024 10:00,GEDZA,28.06,29.68,28.04,29.28,339161.0,0.4,1.22,0.18,593.18,1.22,125372.5,170.52,True,0,,27.44,ATH
23-05-2024 10:00,TURSG,75.0,76.4,74.15,76.35,537077.0,0.05,1.35,0.27,390.91,1.35,285595.5,88.06,True,0,,73.1,77.7
23-05-2024 10:00,RYGYO,38.14,38.86,38.0,38.86,1166171.0,0.0,0.72,0.1,634.69,0.72,375798.5,210.32,True,0,,35.22,ATH
23-05-2024 10:00,KRTEK,35.0,36.4,35.0,36.4,271985.0,0.0,1.4,0.17,733.33,1.4,100591.6,170.39,True,0,,34.7,37.42
23-05-2024 10:00,AKYHO,8.64,8.86,8.6,8.85,3268885.0,0.01,0.21,0.06,262.07,0.21,1338341.5,144.25,True,1,8.86,8.17,8.86
23-05-2024 10:00,KLKIM,25.9,26.52,25.86,26.48,975210.0,0.04,0.58,0.04,1426.32,0.58,309363.8,215.23,True,0,,25.76,ATH
23-05-2024 10:00,BYDNR,30.28,30.76,29.96,30.7,236342.0,0.06,0.42,0.06,556.25,0.42,61717.4,282.94,True,0,,29.96,31.96
23-05-2024 10:00,IHAAS,20.0,20.5,19.91,20.38,727511.0,0.12,0.38,0.11,258.49,0.38,399550.6,82.08,True,0,,18.66,ATH
23-05-2024 10:00,IEYHO,4.9,4.95,4.84,4.95,2421709.0,0.0,0.05,0.01,614.29,0.05,1469926.4,64.75,True,0,,4.8,5.3
23-05-2024 10:00,BAYRK,68.25,69.8,67.5,69.7,245047.0,0.1,1.45,0.0,28900.0,1.45,75357.2,225.18,True,2,67.5,67.5,71.45
23-05-2024 10:00,SURGY,53.5,54.6,53.2,54.4,389413.0,0.2,0.9,0.21,328.57,0.9,255827.3,52.22,True,0,,49.16,ATH
23-05-2024 10:00,TAVHL,237.2,244.8,237.1,244.0,1050419.0,0.8,6.8,0.83,719.28,6.8,246549.4,326.05,True,0,,235.2,ATH
23-05-2024 10:00,THYAO,319.0,325.0,317.0,323.5,15148122.0,1.5,4.5,0.18,2471.43,4.5,3556557.6,325.92,True,2,317.0,317.0,330.0
23-05-2024 10:00,BLCYT,21.14,22.0,20.88,21.92,946809.0,0.08,0.78,0.06,1200.0,0.78,280680.3,237.33,True,2,20.88,20.88,22.6
23-05-2024 10:00,TUPRS,186.0,189.9,186.0,189.3,18084487.0,0.6,3.3,0.51,547.06,3.3,4026659.8,349.12,True,2,186.0,186.0,196.2
23-05-2024 10:00,SANKO,29.12,29.74,28.46,29.72,274236.0,0.02,0.6,0.05,1011.11,0.6,107415.8,155.3,True,2,28.46,28.46,29.88
23-05-2024 10:00,GLCVY,45.14,46.12,44.72,45.96,384806.0,0.16,0.82,0.13,530.77,0.82,108441.0,254.85,True,0,,43.78,47.0
23-05-2024 10:00,SEKFK,11.09,11.48,10.78,11.37,683185.0,0.11,0.28,0.02,1766.67,0.28,278535.1,145.28,True,3,,11.03,12.5
23-05-2024 10:00,GLYHO,14.71,14.99,14.6,14.94,3088678.0,0.05,0.23,0.04,557.14,0.23,1359758.2,127.15,True,2,14.6,14.6,ATH
22-05-2024 17:00,SISE,54.75,55.25,54.7,55.2,6501556.0,0.05,0.45,0.01,4400.0,0.45,3716419.5,74.94,True,0,,54.25,56.4
22-05-2024 17:00,CONSE,6.03,6.11,6.02,6.1,3110957.0,0.01,0.07,0.01,366.67,0.07,1039407.7,199.3,True,1,6.11,5.83,6.11
22-05-2024 17:00,ECILC,59.35,60.7,59.1,60.55,2070688.0,0.15,1.2,0.15,700.0,1.2,662663.5,212.48,True,0,,56.9,ATH
22-05-2024 17:00,RUBNS,42.78,44.0,42.78,43.88,579864.0,0.12,1.1,0.02,4900.0,1.1,194683.3,197.85,True,0,,41.5,44.14
22-05-2024 17:00,LILAK,33.68,34.38,33.64,34.3,4930707.0,0.08,0.62,0.04,1376.19,0.62,2023183.2,143.71,True,0,,33.1,37.14
22-05-2024 17:00,TOASO,303.5,313.5,302.75,312.0,2940324.0,1.5,8.5,1.35,529.63,8.5,804609.7,265.43,True,0,,297.0,ATH
22-05-2024 17:00,PRDGS,7.13,7.3,7.13,7.27,1050255.0,0.03,0.14,0.03,351.61,0.14,377976.6,177.86,True,0,,6.93,7.33
22-05-2024 17:00,ANHYT,76.15,80.85,76.15,80.55,602053.0,0.3,4.4,0.4,1000.0,4.4,153362.6,292.57,True,0,,74.7,ATH
22-05-2024 17:00,DNISI,19.34,20.38,19.28,20.14,582484.0,0.24,0.8,0.12,545.16,0.8,153161.2,280.31,True,0,,18.5,ATH
22-05-2024 17:00,DAPGM,33.4,33.7,33.32,33.7,869220.0,0.0,0.3,0.02,1775.0,0.3,389944.8,122.91,True,0,,33.26,33.92
22-05-2024 17:00,HUNER,4.72,4.92,4.68,4.92,12971937.0,0.0,0.2,0.04,400.0,0.2,3627498.6,257.6,True,1,4.92,4.38,ATH
22-05-2024 16:00,KORDS,101.2,103.7,100.9,103.4,399371.0,0.3,2.2,0.13,1592.31,2.2,175924.7,127.01,True,0,,99.6,103.7
22-05-2024 16:00,HEKTS,15.9,16.12,15.89,16.09,6846912.0,0.03,0.19,0.02,1166.67,0.19,4303999.4,59.08,True,0,,15.78,16.67
22-05-2024 16:00,AYGAZ,214.6,218.9,214.0,218.9,75716.0,0.0,4.3,0.21,1947.62,4.3,41682.9,81.65,True,0,,203.8,219.3
22-05-2024 16:00,A1CAP,29.28,29.68,29.26,29.64,224546.0,0.04,0.36,0.02,2150.0,0.36,145487.4,54.34,True,0,,29.24,30.78
22-05-2024 16:00,TRGYO,47.42,48.22,47.2,48.08,725556.0,0.14,0.66,0.14,358.33,0.66,408861.0,77.46,True,0,,46.36,48.1
22-05-2024 16:00,CIMSA,33.5,34.22,33.46,34.12,3700870.0,0.1,0.62,0.06,1007.14,0.62,1551394.5,138.55,True,0,,33.3,34.4
22-05-2024 16:00,ARCLK,191.6,195.4,191.3,194.7,900421.0,0.7,3.1,0.09,3344.44,3.1,436118.7,106.46,True,0,,189.0,ATH
22-05-2024 16:00,ARASE,72.7,74.8,72.65,74.4,823546.0,0.4,1.7,0.1,1689.47,1.7,317327.5,159.53,True,1,74.8,72.4,74.8
22-05-2024 16:00,OYLUM,15.27,16.33,15.24,16.29,3722998.0,0.04,1.02,0.14,608.33,1.02,983391.1,278.59,True,1,16.33,14.35,16.33
22-05-2024 16:00,CANTE,17.68,17.93,17.66,17.89,1878835.0,0.04,0.21,0.03,650.0,0.21,1215736.1,54.54,True,0,,17.55,18.23
22-05-2024 15:00,GUBRF,161.0,170.9,160.7,168.3,4874539.0,2.6,7.3,0.44,1559.09,7.3,1012493.6,381.44,True,2,160.7,160.7,174.2
22-05-2024 15:00,SEYKM,9.19,9.52,9.19,9.48,1597875.0,0.04,0.29,0.0,28900.0,0.29,792300.9,101.68,True,0,,9.15,9.64
22-05-2024 15:00,PRKAB,43.4,45.32,43.22,45.3,773779.0,0.02,1.9,0.27,603.7,1.9,389627.4,98.59,True,0,,42.46,46.9
22-05-2024 14:00,ARDYZ,39.9,41.3,39.88,41.16,1348103.0,0.14,1.26,0.1,1135.29,1.26,498664.7,170.34,True,0,,39.7,43.84
22-05-2024 14:00,VBTYZ,31.64,33.06,31.3,33.02,704553.0,0.04,1.38,0.09,1504.65,1.38,230511.8,205.65,True,2,31.3,31.3,34.4
22-05-2024 14:00,KFEIN,115.2,125.7,113.4,125.7,830848.0,0.0,10.5,1.14,821.05,10.5,151899.3,446.97,True,0,,109.5,ATH
22-05-2024 14:00,SMART,40.34,43.0,40.02,42.66,1127845.0,0.34,2.32,0.25,835.48,2.32,271311.9,315.7,True,0,,38.64,42.8
22-05-2024 14:00,IHEVA,2.97,3.15,2.96,3.13,11719600.0,0.02,0.16,0.03,357.14,0.16,7502273.7,56.21,True,0,,2.53,ATH
22-05-2024 13:00,KERVT,14.18,14.46,14.16,14.38,657720.0,0.08,0.2,0.04,387.8,0.2,401667.4,63.75,True,0,,13.8,15.75
22-05-2024 13:00,LRSHO,3.71,3.96,3.7,3.94,12673108.0,0.02,0.23,0.02,858.33,0.23,3765155.2,236.59,True,0,,3.64,ATH
22-05-2024 13:00,KZGYO,22.4,23.06,22.38,22.92,815096.0,0.14,0.52,0.06,738.71,0.52,216341.1,276.76,True,0,,21.86,23.06
22-05-2024 13:00,AKENR,20.0,21.28,19.99,20.96,1949121.0,0.32,0.96,0.11,805.66,0.96,1180526.1,65.11,True,1,21.28,19.13,21.28
22-05-2024 12:00,AGYO,9.19,9.4,9.17,9.4,505642.0,0.0,0.21,0.04,412.2,0.21,221542.8,128.24,True,0,,9.0,ATH
22-05-2024 12:00,IHLAS,1.47,1.57,1.46,1.56,90350992.0,0.01,0.09,0.01,1700.0,0.09,23931723.9,277.54,True,0,,1.41,ATH
22-05-2024 12:00,IHGZT,1.3,1.35,1.3,1.35,8565861.0,0.0,0.05,0.0,4900.0,0.05,5236267.9,63.59,True,2,1.3,1.3,1.37
22-05-2024 12:00,GOZDE,26.14,26.56,26.12,26.52,886737.0,0.04,0.38,0.06,555.17,0.38,350905.2,152.7,True,0,,25.38,26.56
22-05-2024 12:00,GSDDE,11.74,12.3,11.73,12.14,1056520.0,0.16,0.4,0.07,463.38,0.4,494485.4,113.66,True,1,12.3,11.31,12.3
22-05-2024 12:00,GSDHO,4.33,4.38,4.32,4.37,6430001.0,0.01,0.04,0.0,1233.33,0.04,3361499.4,91.28,True,0,,4.29,4.4
22-05-2024 12:00,ISKPL,9.08,9.4,9.04,9.36,1234968.0,0.04,0.28,0.02,1066.67,0.28,582542.9,112.0,True,0,,8.8,9.62
22-05-2024 12:00,INDES,9.27,9.55,9.27,9.48,2802934.0,0.07,0.21,0.02,1066.67,0.21,1435391.1,95.27,True,0,,9.12,9.75
22-05-2024 12:00,BAGFS,26.62,27.42,26.54,27.36,739981.0,0.06,0.74,0.15,380.52,0.74,261647.7,182.82,True,0,,25.44,ATH
22-05-2024 12:00,BMSCH,25.34,26.12,25.0,26.04,750612.0,0.08,0.7,0.1,629.17,0.7,246285.7,204.77,True,0,,24.14,26.74
22-05-2024 12:00,MNDTR,6.94,7.04,6.92,7.02,700479.0,0.02,0.08,0.01,1233.33,0.08,400310.0,74.98,True,0,,6.81,7.34
22-05-2024 11:00,TKFEN,55.05,56.35,55.05,56.1,1440340.0,0.25,1.05,0.21,412.2,1.05,706723.0,103.81,True,0,,52.85,57.5
22-05-2024 11:00,KAREL,15.62,16.33,15.59,16.31,4021029.0,0.02,0.69,0.11,557.14,0.69,901563.4,346.01,True,0,,15.0,ATH
22-05-2024 11:00,JANTS,301.75,323.0,300.25,317.5,1403929.0,5.5,15.75,3.8,314.47,15.75,322663.1,335.11,True,1,323.0,275.0,323.0
22-05-2024 11:00,ORCAY,14.36,14.85,14.16,14.85,6399027.0,0.0,0.49,0.06,665.63,0.49,1823078.0,251.0,True,0,,11.66,ATH
22-05-2024 11:00,KONKA,50.45,51.4,50.4,51.4,205770.0,0.0,0.95,0.08,1166.67,0.95,91565.3,124.72,True,0,,49.92,51.45
22-05-2024 10:00,ALKA,27.84,28.26,27.8,28.16,212863.0,0.1,0.32,0.0,15900.0,0.32,102820.7,107.02,True,0,,28.0,28.96
22-05-2024 10:00,VESBE,22.76,23.42,22.76,23.26,2933607.0,0.16,0.5,0.02,3025.0,0.5,867399.5,238.21,True,1,23.42,22.6,23.42
22-05-2024 10:00,SAMAT,44.22,45.16,43.7,45.0,497701.0,0.16,0.78,0.03,2337.5,0.78,123415.2,303.27,True,0,,43.0,45.5
22-05-2024 10:00,TRILC,31.64,37.0,31.2,36.32,12731211.0,0.68,4.68,0.1,4580.0,4.68,4390027.0,190.0,True,2,31.2,31.2,39.18
22-05-2024 10:00,SANEL,30.94,31.76,30.82,31.56,137109.0,0.2,0.62,0.01,5066.67,0.62,67139.1,104.22,True,1,31.76,30.6,31.76
22-05-2024 10:00,ISDMR,38.8,39.5,38.8,39.42,956824.0,0.08,0.62,0.03,2284.62,0.62,574640.5,66.51,True,0,,38.5,39.9
22-05-2024 10:00,GOODY,25.54,26.28,25.3,26.2,745687.0,0.08,0.66,0.02,3200.0,0.66,307732.6,142.32,True,0,,23.0,26.38
22-05-2024 10:00,EREGL,48.16,49.0,48.08,48.88,52102471.0,0.12,0.72,0.04,1794.74,0.72,30736756.3,69.51,True,0,,47.24,49.26
22-05-2024 10:00,MEGAP,8.01,8.48,7.97,8.45,13646004.0,0.03,0.44,0.03,1275.0,0.44,4185936.9,226.0,True,0,,7.85,10.7
22-05-2024 10:00,KRDMA,24.3,25.22,24.2,25.12,724058.0,0.1,0.82,0.09,831.82,0.82,227940.1,217.65,True,0,,23.78,ATH
22-05-2024 10:00,KRDMB,22.48,23.02,22.4,23.02,861874.0,0.0,0.54,0.04,1321.05,0.54,339018.9,154.23,True,0,,21.86,ATH
22-05-2024 10:00,KRDMD,29.34,30.14,29.34,30.06,23532093.0,0.08,0.72,0.08,847.37,0.72,12365342.9,90.31,True,0,,28.4,ATH
21-05-2024 17:00,IHLGM,1.7,1.81,1.69,1.81,45013815.0,0.0,0.11,0.02,478.95,0.11,19149388.8,135.07,True,0,,1.63,1.85
21-05-2024 17:00,ALMAD,7.46,7.71,7.4,7.67,1080369.0,0.04,0.21,0.01,2525.0,0.21,411587.8,162.49,True,2,7.4,7.4,8.06
21-05-2024 17:00,GRSEL,139.9,143.4,139.1,143.4,377996.0,0.0,3.5,0.3,1066.67,3.5,236270.8,59.98,True,0,,125.0,143.5
21-05-2024 16:00,TRCAS,28.38,29.92,28.36,29.84,1511575.0,0.08,1.46,0.14,928.17,1.46,399292.5,278.56,True,0,,27.82,ATH
21-05-2024 16:00,BNTAS,10.34,10.59,10.34,10.55,1619328.0,0.04,0.21,0.01,3400.0,0.21,668891.3,142.09,True,0,,10.21,10.95
21-05-2024 16:00,GRNYO,11.36,11.6,11.31,11.55,760077.0,0.05,0.19,0.01,1361.54,0.19,396577.2,91.66,True,1,11.6,11.2,11.6
21-05-2024 16:00,ULUFA,14.05,14.34,14.05,14.31,1074833.0,0.03,0.26,0.02,983.33,0.26,435902.1,146.58,True,0,,13.55,ATH
21-05-2024 16:00,YEOTK,201.8,214.8,201.2,213.3,1248748.0,1.5,11.5,0.71,1519.72,11.5,338327.9,269.09,True,0,,193.0,ATH
21-05-2024 16:00,KUYAS,52.65,54.9,52.6,54.75,774697.0,0.15,2.1,0.14,1400.0,2.1,260263.3,197.66,True,0,,52.5,56.8
21-05-2024 15:00,CEOEM,21.54,22.3,21.4,22.1,598726.0,0.2,0.56,0.12,359.02,0.56,289342.3,106.93,True,0,,17.2,ATH
21-05-2024 15:00,ARENA,41.16,42.3,41.04,42.02,341915.0,0.28,0.86,0.02,5275.0,0.86,105657.2,223.61,True,0,,40.84,43.62
21-05-2024 14:00,UNLU,16.0,16.4,15.93,16.35,1033645.0,0.05,0.35,0.04,872.22,0.35,275853.6,274.71,True,0,,15.49,ATH
21-05-2024 14:00,REEDR,42.12,47.42,41.96,46.8,32330569.0,0.62,4.68,0.11,4233.33,4.68,5126666.2,530.64,True,0,,41.76,ATH
21-05-2024 14:00,KONTR,221.7,225.7,221.5,224.7,866854.0,1.0,3.0,0.0,inf,3.0,415945.3,108.41,True,0,,220.4,227.6
21-05-2024 14:00,MIATK,55.5,61.85,55.35,60.6,19456789.0,1.25,5.1,0.25,1940.0,5.1,3378849.3,475.84,True,1,61.85,55.2,61.85
21-05-2024 13:00,NATEN,49.74,50.85,49.62,50.65,1188219.0,0.2,0.91,0.01,12900.0,0.91,553938.2,114.5,True,0,,49.44,52.0
21-05-2024 13:00,LOGO,89.85,93.2,89.65,92.8,441220.0,0.4,2.95,0.01,19566.67,2.95,204852.6,115.38,True,0,,88.85,94.0
21-05-2024 13:00,ESEN,20.32,20.8,20.18,20.72,1345765.0,0.08,0.4,0.05,769.57,0.4,796610.0,68.94,True,0,,20.0,20.76
21-05-2024 13:00,YAYLA,18.07,18.4,18.0,18.4,286240.0,0.0,0.33,0.0,6500.0,0.33,123524.3,131.73,True,2,18.0,18.0,19.5
21-05-2024 12:00,ZRGYO,7.75,7.96,7.71,7.92,1425370.0,0.04,0.17,0.03,400.0,0.17,450531.4,216.38,True,1,7.96,6.79,7.96
21-05-2024 12:00,GOKNR,21.72,22.16,21.42,22.14,1468995.0,0.02,0.42,0.01,2900.0,0.42,756892.2,94.08,True,0,,ATL,23.82
21-05-2024 11:00,ENERY,182.4,187.9,181.8,187.4,299434.0,0.5,5.0,0.18,2677.78,5.0,117535.9,154.76,True,0,,181.5,189.1
21-05-2024 11:00,TTKOM,44.26,45.4,43.96,45.12,6163136.0,0.28,0.86,0.13,561.54,0.86,2088063.6,195.16,True,1,45.4,40.7,45.4
21-05-2024 11:00,EKGYO,9.26,9.33,9.24,9.31,51735835.0,0.02,0.05,0.0,4900.0,0.05,29743108.9,73.94,True,0,,8.81,9.75
21-05-2024 11:00,VKFYO,24.74,26.96,24.52,26.44,1861861.0,0.52,1.7,0.31,444.87,1.7,495681.3,275.62,True,0,,22.22,ATH
21-05-2024 11:00,BIMAS,488.25,497.5,486.75,497.5,900030.0,0.0,9.25,1.48,527.12,9.25,298776.2,201.24,True,0,,476.5,ATH
21-05-2024 11:00,NIBAS,20.24,21.3,20.2,21.12,732869.0,0.18,0.88,0.1,780.0,0.88,264335.6,177.25,True,0,,19.63,ATH
21-05-2024 11:00,BORLS,33.6,34.16,33.52,34.0,711711.0,0.16,0.4,0.07,506.06,0.4,355178.0,100.38,True,0,,33.02,34.52
21-05-2024 11:00,SUNTK,19.15,19.84,18.8,19.84,807180.0,0.0,0.69,0.15,372.6,0.69,475863.2,69.62,True,0,,16.29,ATH
21-05-2024 11:00,FROTO,1226.0,1248.0,1220.0,1245.0,378092.0,3.0,19.0,3.9,387.18,19.0,145091.9,160.59,True,0,,1195.0,ATH
21-05-2024 11:00,ALGYO,44.8,45.36,44.56,45.2,482582.0,0.16,0.4,0.08,400.0,0.4,209416.5,130.44,True,0,,42.92,ATH
21-05-2024 11:00,KOZAL,21.66,21.82,21.6,21.8,12652163.0,0.02,0.14,0.0,6900.0,0.14,6035636.9,109.62,True,0,,20.82,21.84
21-05-2024 11:00,KOZAA,49.82,50.2,49.74,50.2,1094344.0,0.0,0.38,0.01,2614.29,0.38,707426.5,54.69,True,2,49.74,49.74,50.7
21-05-2024 10:00,AKBNK,64.6,68.6,64.45,68.5,54105422.0,0.1,3.9,0.39,900.0,3.9,10402243.0,420.13,True,0,,56.0,ATH
21-05-2024 10:00,SNICA,8.38,8.94,8.02,8.81,9535572.0,0.13,0.43,0.05,686.11,0.43,2952898.8,222.92,True,3,,7.5,8.82
21-05-2024 10:00,SKBNK,5.28,5.44,5.25,5.43,74715892.0,0.01,0.15,0.02,650.0,0.15,13773199.9,442.47,True,0,,4.88,ATH
21-05-2024 10:00,SAHOL,103.2,109.4,101.8,109.1,15937590.0,0.3,5.9,0.57,935.09,5.9,3063310.3,420.27,True,2,101.8,101.8,ATH
21-05-2024 10:00,XU030,11724.06,12062.99,11707.11,12060.47,960165018.0,2.52,336.41,35.3,852.95,336.41,236980994.2,305.17,True,0,,10981.83,ATH
21-05-2024 10:00,CRDFA,8.03,8.18,7.95,8.15,1503655.0,0.03,0.12,0.01,1100.0,0.12,670586.2,124.23,True,2,7.95,7.95,8.37
21-05-2024 10:00,XBANK,14745.88,15709.7,14737.42,15702.11,773482336.0,7.59,956.23,103.96,819.81,956.23,153914163.7,402.54,True,0,,13090.14,ATH
21-05-2024 10:00,TCELL,87.35,89.6,87.25,89.4,7623283.0,0.2,2.05,0.1,2057.89,2.05,2449856.0,211.17,True,0,,86.6,ATH
21-05-2024 10:00,PGSUS,218.6,221.7,218.0,221.6,4653311.0,0.1,3.0,0.26,1053.85,3.0,1263951.7,268.16,True,0,,195.5,ATH
21-05-2024 10:00,GARAN,96.25,102.0,96.25,101.6,13373416.0,0.4,5.35,0.52,928.85,5.35,3005398.7,344.98,True,0,,86.35,ATH
21-05-2024 10:00,XU100,10771.99,10996.27,10751.98,10994.52,1391411668.0,1.75,222.53,24.26,817.16,222.53,376419633.6,269.64,True,0,,10121.68,ATH
21-05-2024 10:00,KCHOL,246.5,267.75,245.1,266.75,13975445.0,1.0,20.25,1.61,1153.87,20.25,2477398.6,464.12,True,0,,233.7,ATH
21-05-2024 10:00,KARYE,40.0,41.46,39.68,41.46,1356203.0,0.0,1.46,0.17,758.82,1.46,231559.1,485.68,True,1,41.46,36.12,ATH
21-05-2024 10:00,ZPX30,152.25,156.55,151.75,156.55,718057.0,0.0,4.3,0.39,1016.88,4.3,179983.9,298.96,True,0,,142.75,ATH
21-05-2024 10:00,ISCTR,15.13,16.21,15.13,16.09,337994414.0,0.12,0.96,0.1,860.0,0.96,63628888.4,431.2,True,0,,13.41,ATH
21-05-2024 10:00,ICBCT,17.09,17.56,17.09,17.55,464739.0,0.01,0.46,0.06,641.94,0.46,201427.8,130.72,True,0,,16.25,ATH
21-05-2024 10:00,ZPLIB,173.25,178.0,163.5,178.0,1495652.0,0.0,4.75,0.47,921.51,4.75,173087.7,764.1,True,2,163.5,163.5,ATH
21-05-2024 10:00,TSKB,10.93,11.24,10.93,11.23,19564798.0,0.01,0.3,0.04,614.29,0.3,4310784.0,353.86,True,0,,9.83,ATH
21-05-2024 10:00,ISMEN,40.4,42.3,39.84,42.26,4156019.0,0.04,1.86,0.19,889.36,1.86,1301272.3,219.38,True,0,,35.34,ATH
21-05-2024 10:00,DOHOL,15.39,15.78,15.37,15.74,19533626.0,0.04,0.35,0.01,4275.0,0.35,7414628.0,163.45,True,0,,14.49,15.75
21-05-2024 10:00,YKBNK,34.54,37.96,34.46,37.96,146435885.0,0.0,3.42,0.33,923.95,3.42,24376543.1,500.72,True,1,37.96,31.28,ATH
20-05-2024 17:00,AFYON,14.6,14.82,14.57,14.81,1936313.0,0.01,0.21,0.04,412.2,0.21,880372.8,119.94,True,0,,13.94,ATH
20-05-2024 17:00,TABGD,174.6,176.3,174.1,176.1,251149.0,0.2,1.5,0.32,368.75,1.5,148652.4,68.95,True,0,,169.2,ATH
20-05-2024 17:00,DOGUB,22.1,23.28,22.06,23.28,1056045.0,0.0,1.18,0.21,461.9,1.18,471727.8,123.87,True,0,,20.82,ATH
20-05-2024 17:00,PASEU,60.75,62.85,60.75,62.3,467935.0,0.55,1.55,0.07,2114.29,1.55,127001.2,268.45,True,1,62.85,60.25,62.85
20-05-2024 17:00,CVKMD,548.0,564.0,546.5,563.0,215767.0,1.0,15.0,1.7,782.35,15.0,79888.5,170.09,True,0,,509.5,590.5
20-05-2024 17:00,SELVA,15.73,16.36,15.73,16.32,1936157.0,0.04,0.59,0.06,851.61,0.59,978664.4,97.84,True,0,,13.63,ATH
20-05-2024 17:00,OYAKC,65.15,67.05,65.1,66.85,4432677.0,0.2,1.7,0.27,518.18,1.7,1430722.4,209.82,True,1,67.05,61.9,67.05
20-05-2024 17:00,BUCIM,9.12,9.23,9.12,9.21,3273730.0,0.02,0.09,0.02,400.0,0.09,1548987.6,111.35,True,0,,8.55,ATH
20-05-2024 16:00,ALBRK,5.47,5.6,5.46,5.58,9758094.0,0.02,0.11,0.03,266.67,0.11,4829333.0,102.06,True,0,,5.23,ATH
20-05-2024 16:00,HURGZ,4.95,5.22,4.94,5.19,5500901.0,0.03,0.24,0.06,321.05,0.24,2062672.3,166.69,True,0,,4.52,ATH
20-05-2024 16:00,MARTI,4.13,4.25,4.13,4.23,4763462.0,0.02,0.1,0.01,669.23,0.1,1183513.5,302.48,True,1,4.25,4.03,4.25
20-05-2024 16:00,IDGYO,7.27,7.78,7.27,7.69,622401.0,0.09,0.42,0.04,1100.0,0.42,205582.9,202.75,True,1,7.78,6.54,7.78
20-05-2024 16:00,ADESE,2.5,2.63,2.5,2.63,34209733.0,0.0,0.13,0.02,465.22,0.13,11887093.2,187.79,True,0,,2.38,ATH
20-05-2024 15:00,MEGMT,41.22,41.82,41.14,41.74,1149184.0,0.08,0.52,0.01,5100.0,0.52,555344.2,106.93,True,0,,41.12,42.88
20-05-2024 14:00,KRPLS,8.55,8.75,8.5,8.7,801714.0,0.05,0.15,0.02,837.5,0.15,321725.5,149.19,True,1,8.75,8.37,8.75
20-05-2024 14:00,AKCNS,150.5,153.2,150.4,152.9,228065.0,0.3,2.4,0.33,627.27,2.4,144151.9,58.21,True,0,,149.2,155.6
20-05-2024 14:00,ISSEN,10.95,11.42,10.9,11.34,1962037.0,0.08,0.39,0.05,664.71,0.39,398200.3,392.73,True,0,,10.67,ATH
20-05-2024 14:00,BOBET,36.16,36.82,36.16,36.66,808803.0,0.16,0.5,0.08,541.03,0.5,476701.4,69.67,True,0,,34.8,ATH
20-05-2024 13:00,YKSLN,21.86,22.14,21.84,22.08,123554.0,0.06,0.22,0.04,400.0,0.22,80297.9,53.87,True,0,,21.04,22.68
20-05-2024 13:00,CUSAN,27.16,27.92,27.16,27.74,130136.0,0.18,0.58,0.06,806.25,0.58,68999.1,88.61,True,0,,26.66,ATH
20-05-2024 13:00,IZFAS,27.82,28.34,27.64,28.34,1035440.0,0.0,0.52,0.08,566.67,0.52,525304.6,97.11,True,0,,27.0,28.86
20-05-2024 13:00,BSOKE,25.2,25.78,25.18,25.68,478818.0,0.1,0.48,0.12,287.1,0.48,262875.4,82.15,True,0,,24.08,ATH
20-05-2024 13:00,RTALB,12.5,12.64,12.48,12.64,433057.0,0.0,0.14,0.02,677.78,0.14,274097.3,57.99,True,0,,12.0,ATH
20-05-2024 12:00,MERCN,12.55,12.99,12.54,12.91,675927.0,0.08,0.36,0.0,11900.0,0.36,238103.8,183.88,True,0,,12.45,ATH
20-05-2024 12:00,IZMDC,7.12,7.36,7.09,7.32,5765233.0,0.04,0.2,0.02,809.09,0.2,1500911.6,284.12,True,0,,6.83,ATH
20-05-2024 11:00,ASGYO,14.77,14.93,14.77,14.9,1448984.0,0.03,0.13,0.02,519.05,0.13,751266.6,92.87,True,0,,14.56,14.94
20-05-2024 11:00,INFO,12.32,12.6,12.3,12.54,1081872.0,0.06,0.22,0.05,307.41,0.22,424892.7,154.62,True,0,,11.77,ATH
20-05-2024 11:00,MNDRS,13.83,14.07,13.83,14.05,981341.0,0.02,0.22,0.03,658.62,0.22,390915.6,151.04,True,0,,13.02,14.09
20-05-2024 11:00,BVSAN,119.9,130.5,119.7,129.2,1177288.0,1.3,9.3,0.75,1140.0,9.3,211137.7,457.59,True,1,130.5,117.4,130.5
20-05-2024 11:00,PLTUR,14.91,15.11,14.81,15.08,607894.0,0.03,0.17,0.03,448.39,0.17,323518.9,87.9,True,0,,14.53,15.55
20-05-2024 11:00,YESIL,4.96,5.15,4.94,5.15,1323866.0,0.0,0.19,0.0,inf,0.19,677307.6,95.46,True,0,,4.86,5.63
20-05-2024 11:00,QUAGR,4.03,4.09,4.02,4.08,7062929.0,0.01,0.05,0.0,1566.67,0.05,4015572.7,75.89,True,0,,4.01,4.13
20-05-2024 11:00,LMKDC,24.96,25.76,24.9,25.58,4050181.0,0.18,0.62,0.09,573.91,0.62,1069311.2,278.77,True,1,25.76,24.4,25.76
20-05-2024 11:00,AKFGY,2.44,2.5,2.43,2.5,24272407.0,0.0,0.06,0.01,500.0,0.06,12100810.4,100.58,True,0,,2.26,ATH
20-05-2024 11:00,SNGYO,4.95,5.02,4.95,5.0,4811119.0,0.02,0.05,0.01,400.0,0.05,2459968.4,95.58,True,0,,4.88,5.09
20-05-2024 11:00,BARMA,19.46,19.7,19.41,19.7,377687.0,0.0,0.24,0.01,2900.0,0.24,179570.3,110.33,True,0,,19.1,19.8
20-05-2024 11:00,HALKB,17.88,18.93,17.86,18.89,39452624.0,0.04,1.01,0.12,741.67,1.01,10549560.5,273.97,True,0,,16.13,ATH
20-05-2024 11:00,VAKBN,21.62,22.72,21.62,22.54,36574278.0,0.18,0.92,0.11,707.02,0.92,8884949.6,311.64,True,0,,19.84,ATH
20-05-2024 11:00,KAYSE,32.46,32.88,32.3,32.8,837948.0,0.08,0.34,0.07,400.0,0.34,477191.4,75.6,True,1,32.88,31.62,32.88
20-05-2024 11:00,SEKUR,14.82,15.48,14.73,15.4,1893611.0,0.08,0.58,0.06,883.05,0.58,994464.3,90.42,True,0,,13.22,ATH
20-05-2024 10:00,ASELS,61.95,63.05,61.9,62.95,14943331.0,0.1,1.0,0.11,809.09,1.0,5032494.5,196.94,True,0,,59.95,ATH
20-05-2024 10:00,BTCIM,139.6,142.0,139.5,141.8,475366.0,0.2,2.2,0.53,315.09,2.2,304371.3,56.18,True,0,,135.8,142.0
20-05-2024 10:00,SARKY,34.44,35.62,34.3,35.48,985745.0,0.14,1.04,0.13,700.0,1.04,187605.7,425.43,True,0,,32.24,ATH
20-05-2024 10:00,EBEBK,49.22,50.0,48.7,49.78,446274.0,0.22,0.56,0.05,1117.39,0.56,184994.6,141.24,True,0,,48.64,50.25
20-05-2024 10:00,DYOBY,60.55,64.9,59.1,64.9,1467111.0,0.0,4.35,0.9,386.03,4.35,273056.0,437.29,True,0,,52.85,ATH
20-05-2024 10:00,ANGEN,13.17,13.44,13.16,13.38,540623.0,0.06,0.21,0.02,740.0,0.21,213202.7,153.57,True,0,,13.12,13.43
20-05-2024 10:00,DENGE,4.09,4.49,4.01,4.47,26015867.0,0.02,0.38,0.06,512.9,0.38,7261562.7,258.27,True,1,4.49,3.84,4.49
20-05-2024 10:00,ODAS,9.6,9.83,9.51,9.81,20972365.0,0.02,0.21,0.03,556.25,0.21,5807662.3,261.12,True,0,,9.04,ATH
20-05-2024 10:00,PATEK,82.0,85.35,81.0,84.5,1144588.0,0.85,2.5,0.21,1062.79,2.5,281607.3,306.45,True,0,,78.7,ATH
20-05-2024 10:00,KMPUR,60.35,63.3,60.35,63.0,1764084.0,0.3,2.65,0.4,562.5,2.65,336394.5,424.41,True,0,,56.45,ATH
20-05-2024 10:00,ZOREN,6.11,6.29,6.09,6.26,90322803.0,0.03,0.15,0.01,1053.85,0.15,21201642.0,326.02,True,0,,5.81,ATH
20-05-2024 10:00,GENIL,62.05,65.4,62.0,65.35,759755.0,0.05,3.3,0.35,842.86,3.3,177040.5,329.14,True,0,,60.0,ATH
20-05-2024 10:00,ENJSA,67.95,69.1,67.35,69.1,3221497.0,0.0,1.15,0.26,350.98,1.15,861244.3,274.05,True,0,,64.3,ATH
20-05-2024 10:00,GENTS,8.61,8.7,8.56,8.69,301249.0,0.01,0.08,0.01,700.0,0.08,110552.5,172.49,True,2,8.56,8.56,8.7
20-05-2024 10:00,KRVGD,28.34,29.22,28.32,29.18,505694.0,0.04,0.84,0.1,740.0,0.84,197170.4,156.48,True,0,,27.78,ATH
20-05-2024 10:00,FADE,17.45,17.85,17.25,17.8,437440.0,0.05,0.35,0.03,900.0,0.35,148928.9,193.72,True,3,,17.09,17.81
20-05-2024 10:00,FZLGY,12.26,13.43,12.15,13.19,4405173.0,0.24,0.93,0.09,956.82,0.93,728329.9,504.83,True,2,12.15,12.15,ATH
20-05-2024 10:00,KLRHO,38.74,39.7,38.32,39.5,682185.0,0.2,0.76,0.04,1709.52,0.76,141940.8,380.61,True,0,,38.26,39.66
17-05-2024 17:00,OBAMS,41.76,42.16,41.66,42.12,1987098.0,0.04,0.36,0.01,3500.0,0.36,1138525.6,74.53,True,0,,41.3,42.26
17-05-2024 17:00,ULUUN,31.08,31.56,31.02,31.46,629574.0,0.1,0.38,0.06,578.57,0.38,267945.5,134.96,True,1,31.56,30.2,31.56
17-05-2024 17:00,KRGYO,26.64,29.4,26.14,28.98,2633859.0,0.42,2.34,0.16,1400.0,2.34,783608.7,236.12,True,2,26.14,26.14,29.6
17-05-2024 17:00,ATLAS,6.19,6.23,6.16,6.23,1230812.0,0.0,0.04,0.01,207.69,0.04,432498.5,184.58,True,0,,6.08,ATH
17-05-2024 17:00,SOKE,16.78,17.01,16.78,16.99,545918.0,0.02,0.21,0.02,1212.5,0.21,231200.9,136.12,True,0,,16.5,ATH
17-05-2024 17:00,AHGAZ,15.2,15.44,15.18,15.4,2601794.0,0.04,0.2,0.02,900.0,0.2,1695341.0,53.47,True,0,,14.73,15.78
17-05-2024 17:00,ADGYO,27.9,28.6,27.84,28.6,530500.0,0.0,0.7,0.06,1106.9,0.7,147679.1,259.22,True,0,,26.36,ATH
17-05-2024 17:00,TSGYO,11.56,11.9,11.55,11.82,1576505.0,0.08,0.26,0.02,1633.33,0.26,325743.5,383.97,True,0,,11.42,11.85
17-05-2024 17:00,ISGSY,30.62,31.4,30.52,31.4,494301.0,0.0,0.78,0.16,393.67,0.78,186540.1,164.98,True,0,,28.82,ATH
17-05-2024 17:00,GARFA,34.94,35.74,34.86,35.68,526044.0,0.06,0.74,0.05,1380.0,0.74,159450.1,229.91,True,1,35.74,31.06,35.74
17-05-2024 16:00,CATES,58.85,60.65,58.8,60.4,1331721.0,0.25,1.55,0.15,900.0,1.55,423284.6,214.62,True,0,,57.2,60.75
17-05-2024 16:00,ORGE,72.2,73.8,72.1,73.7,271536.0,0.1,1.5,0.27,455.56,1.5,121199.3,124.04,True,0,,70.15,ATH
17-05-2024 15:00,DARDL,7.9,8.16,7.9,8.15,4955771.0,0.01,0.25,0.05,443.48,0.25,2046856.5,142.12,True,0,,7.52,ATH
17-05-2024 15:00,ASUZU,101.5,105.7,101.4,105.5,670509.0,0.2,4.0,0.39,925.64,4.0,278965.1,140.36,True,0,,100.6,ATH
17-05-2024 15:00,GEDIK,16.15,16.4,16.12,16.33,191604.0,0.07,0.18,0.02,682.61,0.18,117782.3,62.68,True,0,,15.74,ATH
17-05-2024 15:00,KNFRT,13.38,13.87,13.35,13.83,370437.0,0.04,0.45,0.0,44900.0,0.45,169122.0,119.04,True,0,,13.11,14.17
17-05-2024 15:00,KLMSN,31.68,32.04,31.66,31.94,203053.0,0.1,0.26,0.03,766.67,0.26,127248.8,59.57,True,0,,30.88,32.28
17-05-2024 15:00,CEMTS,10.6,10.77,10.57,10.76,2549640.0,0.01,0.16,0.04,300.0,0.16,1052141.1,142.33,True,0,,10.2,ATH
17-05-2024 14:00,BEYAZ,26.92,28.24,26.8,28.24,938236.0,0.0,1.32,0.15,791.89,1.32,361056.4,159.86,True,0,,25.66,ATH
17-05-2024 14:00,FLAP,9.1,9.23,9.08,9.23,752685.0,0.0,0.13,0.01,1525.0,0.13,422477.2,78.16,True,0,,9.04,9.63
17-05-2024 14:00,AKSA,122.6,125.2,122.4,124.5,810884.0,0.7,1.9,0.15,1166.67,1.9,266485.3,204.29,True,0,,121.4,ATH
17-05-2024 14:00,ANSGR,103.4,107.6,102.8,107.6,737978.0,0.0,4.2,0.56,650.0,4.2,308543.3,139.18,True,0,,94.0,ATH
17-05-2024 14:00,MRGYO,6.23,6.43,6.22,6.39,4229048.0,0.04,0.16,0.01,966.67,0.16,2323675.6,82.0,True,0,,6.05,7.08
17-05-2024 14:00,PINSU,25.22,26.98,25.14,26.6,574547.0,0.38,1.38,0.15,796.1,1.38,150714.4,281.22,True,0,,22.9,ATH
17-05-2024 13:00,NTHOL,32.66,33.96,32.64,33.68,1334606.0,0.28,1.02,0.18,479.55,1.02,545120.2,144.83,True,0,,30.42,ATH
17-05-2024 12:00,TUCLK,14.57,14.99,14.56,14.94,1930652.0,0.05,0.37,0.05,611.54,0.37,959604.3,101.19,True,0,,14.22,15.2
17-05-2024 11:00,ALARK,116.3,117.5,116.0,117.5,1309251.0,0.0,1.2,0.17,605.88,1.2,724028.7,80.83,True,0,,110.2,118.2
17-05-2024 11:00,AYEN,31.6,33.0,31.52,32.64,703555.0,0.36,1.04,0.09,1055.56,1.04,330608.9,112.81,True,0,,31.0,35.6
17-05-2024 10:00,MEPET,12.17,12.41,12.09,12.41,408045.0,0.0,0.24,0.01,2900.0,0.24,134145.0,204.18,True,0,,12.01,ATH
17-05-2024 10:00,TMSN,149.0,163.6,149.0,162.0,2861877.0,1.6,13.0,1.27,923.62,13.0,403408.3,609.42,True,1,163.6,145.6,163.6
17-05-2024 10:00,GMTAS,8.15,8.31,8.03,8.3,665849.0,0.01,0.15,0.02,837.5,0.15,237735.8,180.08,True,0,,7.98,ATH
17-05-2024 10:00,MGROS,487.0,496.75,483.75,495.25,600795.0,1.5,8.25,0.98,746.15,8.25,183375.7,227.63,True,0,,452.5,ATH
17-05-2024 10:00,FORTE,69.1,70.3,68.75,70.15,204708.0,0.15,1.05,0.17,517.65,1.05,65249.6,213.73,True,0,,67.65,ATH
17-05-2024 10:00,KZBGY,25.24,25.34,25.08,25.34,740977.0,0.0,0.1,0.02,525.0,0.1,442619.5,67.41,True,2,25.08,25.08,ATH
17-05-2024 10:00,ERSU,26.18,27.6,26.08,27.6,1239513.0,0.0,1.42,0.27,418.25,1.42,577842.6,114.51,True,1,27.6,22.12,ATH
17-05-2024 10:00,TEKTU,4.43,4.52,4.42,4.5,2925918.0,0.02,0.07,0.01,677.78,0.07,803929.7,263.95,True,0,,4.36,4.68
17-05-2024 10:00,MAVI,95.95,97.6,95.6,97.2,542851.0,0.4,1.25,0.24,420.83,1.25,316551.1,71.49,True,0,,92.3,ATH
17-05-2024 10:00,ULKER,128.9,137.0,128.2,135.3,5782565.0,1.7,6.4,0.91,603.3,6.4,1586722.0,264.43,True,1,137.0,115.4,137.0
17-05-2024 10:00,MANAS,10.13,10.55,10.11,10.49,1271907.0,0.06,0.36,0.03,990.91,0.36,268866.8,373.06,True,0,,9.92,ATH
17-05-2024 10:00,MAGEN,25.3,26.9,24.04,26.88,2299414.0,0.02,1.58,0.3,423.18,1.58,740330.6,210.59,True,0,,22.8,ATH
17-05-2024 10:00,KLSER,57.45,57.85,57.35,57.8,598953.0,0.05,0.35,0.03,900.0,0.35,178399.6,235.74,True,0,,56.6,ATH
16-05-2024 17:00,TKNSA,42.04,42.66,42.02,42.66,778785.0,0.0,0.62,0.14,330.56,0.62,456561.3,70.58,True,0,,40.02,44.06
16-05-2024 17:00,AZTEK,91.0,92.3,90.75,92.05,150847.0,0.25,1.05,0.01,6900.0,1.05,82450.8,82.95,True,0,,90.0,99.65
16-05-2024 17:00,ATATP,153.0,155.5,152.6,155.2,156851.0,0.3,2.2,0.14,1471.43,2.2,95693.1,63.91,True,0,,ATL,156.2
16-05-2024 17:00,IMASM,16.52,18.15,16.47,18.15,7235888.0,0.0,1.63,0.15,979.47,1.63,1317661.5,449.15,True,0,,16.36,ATH
16-05-2024 17:00,SMRTG,54.6,55.0,54.45,54.95,576708.0,0.05,0.35,0.03,1066.67,0.35,368765.4,56.39,True,0,,54.3,55.35
16-05-2024 17:00,KCAER,55.9,56.95,55.8,56.95,1084875.0,0.0,1.05,0.01,10400.0,1.05,485984.8,123.23,True,2,55.8,55.8,58.1
16-05-2024 17:00,HATSN,62.25,62.95,62.25,62.9,267164.0,0.05,0.65,0.04,1757.14,0.65,130118.9,105.32,True,0,,61.9,63.6
16-05-2024 17:00,EKOS,42.04,42.98,42.02,42.84,794897.0,0.14,0.8,0.0,39900.0,0.8,322410.6,146.55,True,0,,41.88,43.64
16-05-2024 17:00,GIPTA,39.44,40.58,39.3,40.38,1290728.0,0.2,0.94,0.3,211.26,0.94,397072.8,225.06,True,0,,37.02,ATH
16-05-2024 16:00,MAKIM,29.8,30.6,29.7,30.5,130526.0,0.1,0.7,0.0,17400.0,0.7,82281.3,58.63,True,0,,29.34,ATH
16-05-2024 16:00,AVPGY,44.84,45.64,44.76,45.48,1769865.0,0.16,0.64,0.1,540.0,0.64,1000116.4,76.97,True,0,,41.56,ATH
16-05-2024 15:00,EYGYO,9.94,10.22,9.91,10.16,913015.0,0.06,0.22,0.02,900.0,0.22,377237.5,142.03,True,0,,9.75,ATH
16-05-2024 15:00,OFSYM,46.34,47.12,46.34,46.92,191625.0,0.2,0.58,0.09,559.09,0.58,122793.0,56.06,True,0,,44.84,47.34
16-05-2024 15:00,PARSN,128.0,132.7,127.8,132.2,377271.0,0.5,4.2,0.93,351.61,4.2,150263.4,151.07,True,1,132.7,120.1,132.7
16-05-2024 15:00,YATAS,36.3,36.92,36.24,36.9,828879.0,0.02,0.6,0.12,391.8,0.6,252947.6,227.69,True,0,,33.98,ATH
16-05-2024 14:00,FONET,22.4,23.24,22.26,23.24,2466647.0,0.0,0.84,0.02,3718.18,0.84,1071662.7,130.17,True,1,23.24,21.02,24.4
16-05-2024 14:00,AKGRT,7.45,7.72,7.44,7.72,6360412.0,0.0,0.27,0.02,1587.5,0.27,1905784.1,233.74,True,0,,7.43,ATH
16-05-2024 14:00,BIENY,41.54,42.22,41.52,42.06,431335.0,0.16,0.52,0.09,490.91,0.52,241635.5,78.51,True,0,,40.7,ATH
16-05-2024 13:00,TDGYO,12.04,12.61,12.04,12.6,2732120.0,0.01,0.56,0.08,582.93,0.56,689434.3,296.28,True,0,,ATL,ATH
16-05-2024 13:00,TUREX,61.9,64.35,61.6,63.9,187506.0,0.45,2.0,0.38,426.32,2.0,103033.8,81.98,True,0,,58.45,65.5
16-05-2024 13:00,EKSUN,63.75,65.0,63.65,64.9,185428.0,0.1,1.15,0.02,4500.0,1.15,110805.9,67.34,True,2,63.65,63.65,65.55
16-05-2024 13:00,SKYMD,16.7,17.87,16.36,17.87,9816640.0,0.0,1.17,0.09,1229.55,1.17,6085927.2,61.3,True,0,,15.29,ATH
16-05-2024 12:00,GWIND,28.44,29.28,28.4,29.24,1243225.0,0.04,0.8,0.08,900.0,0.8,564144.4,120.37,True,0,,28.24,ATH
16-05-2024 11:00,ZEDUR,109.0,118.1,109.0,117.8,595493.0,0.3,8.8,0.33,2566.67,8.8,119824.1,396.97,True,0,,107.1,ATH
16-05-2024 10:00,SASA,47.22,48.88,47.04,48.64,20740170.0,0.24,1.42,0.01,23566.67,1.42,6309672.3,228.7,True,0,,46.6,48.66
16-05-2024 10:00,TUKAS,7.83,7.94,7.8,7.91,2860916.0,0.03,0.08,0.01,566.67,0.08,1424960.8,100.77,True,0,,7.65,ATH
15-05-2024 17:00,AKFYE,27.98,28.52,27.9,28.46,4242616.0,0.06,0.48,0.05,860.0,0.48,1659119.1,155.71,True,0,,27.74,28.74
15-05-2024 17:00,BIGCH,36.06,37.28,36.02,37.0,767197.0,0.28,0.94,0.14,571.43,0.94,298569.9,156.96,True,0,,33.74,38.02
15-05-2024 16:00,OSTIM,6.36,6.55,6.34,6.52,2533420.0,0.03,0.16,0.04,332.43,0.16,759383.6,233.62,True,0,,6.02,ATH
15-05-2024 16:00,NTGAZ,17.3,17.75,17.26,17.63,399118.0,0.12,0.33,0.05,602.13,0.33,174277.4,129.01,True,0,,16.51,ATH
15-05-2024 15:00,IZENR,27.28,27.98,27.26,27.94,5542633.0,0.04,0.66,0.22,194.64,0.66,1301387.9,325.9,True,0,,25.3,ATH
15-05-2024 15:00,TATEN,32.08,33.42,32.04,33.32,2337860.0,0.1,1.24,0.21,479.44,1.24,619408.1,277.43,True,0,,30.6,ATH
15-05-2024 14:00,OZGYO,5.84,5.94,5.84,5.93,498068.0,0.01,0.09,0.01,500.0,0.09,316219.8,57.51,True,0,,5.69,ATH
15-05-2024 14:00,DMSAS,6.92,7.01,6.92,6.99,327333.0,0.02,0.07,0.02,337.5,0.07,201340.7,62.58,True,0,,6.68,ATH
15-05-2024 13:00,FORMT,2.79,2.84,2.77,2.84,5035681.0,0.0,0.05,0.01,614.29,0.05,3223022.8,56.24,True,0,,2.7,ATH
15-05-2024 13:00,EUREN,14.82,15.06,14.79,15.04,3771383.0,0.02,0.22,0.02,1057.89,0.22,936131.8,302.87,True,0,,14.74,ATH
15-05-2024 12:00,PENTA,17.56,17.74,17.52,17.7,1046787.0,0.04,0.14,0.01,2700.0,0.14,400409.8,161.43,True,0,,17.31,ATH
15-05-2024 11:00,NUGYO,9.0,9.38,8.97,9.36,3394316.0,0.02,0.36,0.02,1614.29,0.36,1150540.3,195.02,True,0,,8.54,ATH
15-05-2024 11:00,VANGD,22.44,23.46,22.3,23.4,769659.0,0.06,0.96,0.17,464.71,0.96,199317.0,286.15,True,0,,21.06,ATH
15-05-2024 10:00,METUR,14.84,15.46,14.51,15.38,939957.0,0.08,0.54,0.1,468.42,0.54,555211.4,69.3,True,0,,14.11,ATH
15-05-2024 10:00,KTLEV,126.8,143.2,126.2,141.0,1044541.0,2.2,14.2,0.84,1590.48,14.2,354643.3,194.53,True,0,,ATL,ATH
15-05-2024 10:00,EUPWR,141.6,145.4,141.3,144.4,434161.0,1.0,2.8,0.42,566.67,2.8,172919.8,151.08,True,0,,139.7,ATH
15-05-2024 10:00,HKTM,20.3,20.84,20.28,20.82,205173.0,0.02,0.52,0.07,664.71,0.52,83279.0,146.37,True,0,,20.0,ATH
15-05-2024 10:00,IHYAY,3.13,3.37,3.11,3.34,2675055.0,0.03,0.21,0.03,707.69,0.21,697264.6,283.65,True,0,,3.04,ATH
15-05-2024 10:00,KBORU,91.5,93.1,91.35,92.9,320640.0,0.2,1.4,0.07,1900.0,1.4,122510.4,161.72,True,0,,91.35,ATH
14-05-2024 17:00,LIDFA,8.71,9.39,8.67,9.25,14440552.0,0.14,0.54,0.08,620.0,0.54,2193632.9,558.29,True,0,,8.44,ATH
14-05-2024 17:00,ANELE,18.76,19.0,18.71,18.95,231761.0,0.05,0.19,0.04,427.78,0.19,115126.6,101.31,True,0,,ATL,ATH
14-05-2024 17:00,MHRGY,4.8,4.84,4.78,4.84,1484886.0,0.0,0.04,0.01,166.67,0.04,969221.8,53.2,True,0,,4.67,ATH
14-05-2024 17:00,AKSGY,16.43,17.15,16.35,17.13,2509477.0,0.02,0.7,0.06,1150.0,0.7,644371.5,289.45,True,0,,16.21,ATH
14-05-2024 17:00,GESAN,71.9,73.15,71.15,73.1,1083568.0,0.05,1.2,0.23,421.74,1.2,418259.5,159.07,True,0,,68.7,ATH
14-05-2024 17:00,PEKGY,9.83,10.69,9.71,10.69,24013622.0,0.0,0.86,0.07,1128.57,0.86,12888030.2,86.32,True,0,,9.5,ATH
14-05-2024 16:00,DOKTA,33.28,33.94,33.06,33.86,361858.0,0.08,0.58,0.03,1833.33,0.58,238027.9,52.02,True,0,,32.7,ATH
14-05-2024 15:00,KATMR,2.29,2.33,2.28,2.33,7766568.0,0.0,0.04,0.0,1900.0,0.04,4153674.3,86.98,True,0,,2.26,ATH
14-05-2024 15:00,KRSTL,8.63,8.77,8.63,8.75,654241.0,0.02,0.12,0.01,1233.33,0.12,395603.3,65.38,True,0,,8.54,ATH
14-05-2024 15:00,KLGYO,6.44,6.95,6.37,6.95,24315556.0,0.0,0.51,0.05,862.26,0.51,5219911.9,365.82,True,0,,6.23,ATH
14-05-2024 15:00,ENSRI,24.18,24.9,24.14,24.72,429946.0,0.18,0.54,0.01,4400.0,0.54,242357.7,77.4,True,0,,23.84,ATH
14-05-2024 14:00,MSGYO,15.28,15.49,15.25,15.44,528932.0,0.05,0.16,0.04,255.56,0.16,189473.8,179.16,True,0,,14.93,ATH
14-05-2024 13:00,KLSYN,6.21,6.37,6.2,6.37,275244.0,0.0,0.16,0.0,3900.0,0.16,180613.0,52.39,True,0,,6.14,ATH
14-05-2024 10:00,AKSUE,14.2,14.26,14.14,14.26,182681.0,0.0,0.06,0.0,5900.0,0.06,90628.0,101.57,True,2,14.14,14.14,ATH
14-05-2024 10:00,MERKO,15.13,15.65,14.85,15.56,1225088.0,0.09,0.43,0.14,218.52,0.43,556165.5,120.27,True,0,,ATL,ATH
