Tarih,Hisse,open,high,low,close,volume,YuksekKapanis_Fark,AcilisKapanis_Fark,AcilisKapanisFark_Ort,AcilisKapanisFark_OrtalamayaGoreDegisim,AcilisKapanisFarkOrt_MaxSon10,HacimOrtalama,%Hacim_HacimOrtalama,Kosul,isPivot,pointpos,destek,direnc
09-02-2024 12:00,VESTL,76.0,82.6,75.75,82.25,13453608.0,0.35,6.25,0.33,1793.94,6.25,3031327.9,343.82,True,0,,72.3,ATH
09-02-2024 12:00,EUREN,17.75,18.0,17.73,17.95,3408853.0,0.05,0.2,0.02,809.09,0.2,1729391.5,97.11,True,0,,17.49,18.0
09-02-2024 12:00,VESBE,19.22,20.12,19.2,20.0,18478186.0,0.12,0.78,0.0,38900.0,0.78,4175425.8,342.55,True,0,,17.52,21.92
09-02-2024 12:00,MOBTL,5.27,5.48,5.27,5.45,7488504.0,0.03,0.18,0.0,17900.0,0.18,2727668.1,174.54,True,0,,5.43,5.65
09-02-2024 12:00,AHGAZ,13.32,13.48,13.31,13.47,1685715.0,0.01,0.15,0.01,1150.0,0.15,961377.9,75.34,True,0,,13.24,13.6
09-02-2024 12:00,SILVR,17.12,17.42,17.06,17.39,521696.0,0.03,0.27,0.03,900.0,0.27,156865.6,232.58,True,0,,15.16,17.51
09-02-2024 12:00,ISGYO,18.24,18.71,18.22,18.64,3992673.0,0.07,0.4,0.05,669.23,0.4,2091309.5,90.92,True,0,,17.58,ATH
09-02-2024 12:00,MEGMT,57.2,59.65,57.05,59.2,9432288.0,0.45,2.0,0.27,654.72,2.0,2534592.8,272.14,True,0,,55.7,61.9
09-02-2024 12:00,KLGYO,4.06,4.43,4.06,4.43,41186093.0,0.0,0.37,0.03,988.24,0.37,6867909.3,499.69,True,0,,3.92,ATH
09-02-2024 12:00,EGSER,4.23,4.35,4.22,4.32,2031930.0,0.03,0.09,0.01,1025.0,0.09,1006356.7,101.91,True,0,,4.11,ATH
09-02-2024 11:00,IHYAY,3.24,3.41,3.2,3.39,2955416.0,0.02,0.15,0.03,400.0,0.15,1548340.9,90.88,True,0,,3.07,ATH
09-02-2024 11:00,YKSLN,15.82,16.09,15.77,16.09,634028.0,0.0,0.27,0.04,592.31,0.27,273078.9,132.18,True,0,,15.48,16.41
09-02-2024 11:00,AKCNS,184.6,189.5,183.3,188.8,326042.0,0.7,4.2,0.6,600.0,4.2,137500.5,137.12,True,0,,178.2,ATH
09-02-2024 11:00,FROTO,936.0,945.0,932.0,943.0,169716.0,2.0,7.0,1.3,438.46,7.0,72365.8,134.53,True,0,,916.5,947.5
09-02-2024 11:00,TUCLK,13.12,13.75,12.94,13.67,12779115.0,0.08,0.55,0.08,614.29,0.55,1862376.6,586.17,True,0,,12.55,13.92
09-02-2024 11:00,MAVI,146.7,149.4,145.3,149.1,383950.0,0.3,2.4,0.45,433.33,2.4,200606.3,91.39,True,0,,143.2,149.2
09-02-2024 11:00,BMSCH,22.4,24.04,22.26,23.78,547379.0,0.26,1.38,0.11,1132.14,1.38,112244.6,387.67,True,0,,22.02,ATH
09-02-2024 11:00,GSDDE,9.18,9.24,9.14,9.24,318984.0,0.0,0.06,0.0,5900.0,0.06,204363.5,56.09,True,0,,8.94,9.41
09-02-2024 11:00,DAGI,8.02,8.15,8.02,8.14,562951.0,0.01,0.12,0.02,700.0,0.12,266091.4,111.56,True,0,,7.85,8.21
09-02-2024 11:00,AZTEK,139.5,141.5,138.3,141.2,294770.0,0.3,1.7,0.33,415.15,1.7,118320.9,149.13,True,0,,132.5,142.5
09-02-2024 10:00,PAPIL,107.1,110.0,107.0,109.5,1097527.0,0.5,2.4,0.21,1042.86,2.4,507006.2,116.47,True,0,,93.95,ATH
09-02-2024 10:00,VKFYO,25.5,26.9,25.5,26.68,1457716.0,0.22,1.18,0.1,1034.62,1.18,240072.5,507.2,True,0,,25.7,29.0
09-02-2024 10:00,MERCN,15.55,15.8,15.46,15.78,399607.0,0.02,0.23,0.02,1252.94,0.23,241206.3,65.67,True,0,,14.87,15.9
09-02-2024 10:00,HEKTS,18.11,18.44,18.08,18.43,19811763.0,0.01,0.32,0.03,966.67,0.32,6272804.0,215.84,True,0,,18.05,18.53
09-02-2024 10:00,ATLAS,4.9,4.95,4.88,4.94,337814.0,0.01,0.04,0.0,900.0,0.04,127114.7,165.76,True,0,,4.82,4.95
09-02-2024 10:00,PETKM,23.82,24.16,23.74,24.14,42864821.0,0.02,0.32,0.03,900.0,0.32,14956813.4,186.59,True,0,,21.92,ATH
09-02-2024 10:00,PKART,55.0,58.9,54.55,58.1,347365.0,0.8,3.1,0.26,1069.81,3.1,61575.7,464.13,True,0,,54.1,59.95
09-02-2024 10:00,MNDRS,11.0,11.51,10.96,11.44,2607400.0,0.07,0.44,0.09,378.26,0.44,869066.4,200.02,True,0,,10.3,ATH
09-02-2024 10:00,KUYAS,58.0,60.45,57.3,60.25,788318.0,0.2,2.25,0.25,800.0,2.25,159201.9,395.17,True,0,,56.7,61.8
09-02-2024 10:00,BIMAS,388.5,396.5,384.25,395.75,1167519.0,0.75,7.25,1.38,427.27,7.25,460718.2,153.41,True,0,,370.5,ATH
09-02-2024 10:00,ESCOM,68.7,73.0,68.4,72.8,381810.0,0.2,4.1,0.5,711.88,4.1,123503.9,209.15,True,0,,65.15,ATH
09-02-2024 10:00,IPEKE,38.4,39.08,38.34,39.0,1737713.0,0.08,0.6,0.09,538.3,0.6,551254.8,215.23,True,0,,36.34,ATH
09-02-2024 10:00,KRDMD,28.62,29.04,28.6,28.98,27662374.0,0.06,0.36,0.06,500.0,0.36,7052226.8,292.25,True,0,,27.94,ATH
09-02-2024 10:00,KOZAL,21.36,21.88,21.34,21.88,47845056.0,0.0,0.52,0.05,940.0,0.52,9806149.5,387.91,True,0,,21.08,ATH
09-02-2024 10:00,KOZAA,50.85,51.65,50.75,51.55,4855423.0,0.1,0.7,0.06,976.92,0.7,1230407.3,294.62,True,0,,49.9,51.9
09-02-2024 10:00,CANTE,18.97,19.3,18.91,19.26,8872168.0,0.04,0.29,0.01,4733.33,0.29,2638039.8,236.32,True,0,,18.46,19.49
09-02-2024 10:00,JANTS,152.7,158.0,152.4,157.4,382727.0,0.6,4.7,0.17,2664.71,4.7,151746.0,152.22,True,0,,142.1,159.4
09-02-2024 10:00,KARYE,49.96,54.0,48.0,54.0,1348637.0,0.0,4.04,0.04,10818.92,4.04,320995.1,320.14,True,0,,36.5,ATH
09-02-2024 10:00,DNISI,18.54,19.4,18.5,19.4,1895405.0,0.0,0.86,0.21,301.87,0.86,551667.1,243.58,True,0,,16.8,ATH
09-02-2024 10:00,KLKIM,26.22,27.26,26.2,27.24,2191828.0,0.02,1.02,0.17,507.14,1.02,716003.1,206.12,True,0,,25.24,ATH
09-02-2024 10:00,EKGYO,10.37,10.65,10.34,10.65,110279856.0,0.0,0.28,0.02,1373.68,0.28,22899282.9,381.59,True,0,,10.28,10.67
09-02-2024 10:00,OZGYO,5.91,5.96,5.91,5.95,1160085.0,0.01,0.04,0.0,3900.0,0.04,608055.9,90.79,True,0,,5.89,6.0
09-02-2024 10:00,FENER,113.0,113.8,112.7,113.8,911510.0,0.0,0.8,0.19,321.05,0.8,327923.8,177.96,True,0,,109.5,116.2
09-02-2024 10:00,TSPOR,1.7,1.74,1.69,1.73,61309353.0,0.01,0.03,0.01,328.57,0.03,22821262.4,168.65,True,0,,1.62,1.76
09-02-2024 10:00,TARKM,784.5,815.5,778.5,807.0,448122.0,8.5,22.5,2.1,971.43,22.5,98188.0,356.39,True,0,,767.5,827.5
09-02-2024 10:00,GSDHO,4.34,4.39,4.34,4.38,9081477.0,0.01,0.04,0.0,1900.0,0.04,3351436.2,170.97,True,0,,4.29,ATH
09-02-2024 10:00,SASA,39.32,39.92,39.28,39.78,14706722.0,0.14,0.46,0.04,1050.0,0.46,7531624.0,95.27,True,0,,39.14,39.98
09-02-2024 10:00,SAMAT,49.5,54.45,48.7,54.45,1670297.0,0.0,4.95,0.44,1037.93,4.95,332103.5,402.94,True,0,,52.55,54.95
09-02-2024 10:00,FORMT,2.97,3.07,2.95,3.06,9030199.0,0.01,0.09,0.01,650.0,0.09,3598566.3,150.94,True,0,,2.89,3.2
09-02-2024 10:00,QUAGR,4.17,4.53,4.15,4.45,88639669.0,0.08,0.28,0.04,600.0,0.28,24164561.9,266.82,True,0,,3.99,ATH
09-02-2024 10:00,ARSAN,13.26,13.62,13.21,13.54,581842.0,0.08,0.28,0.01,2700.0,0.28,172467.0,237.36,True,0,,12.68,ATH
08-02-2024 17:00,SKBNK,4.9,4.99,4.9,4.98,33704424.0,0.01,0.08,0.02,433.33,0.08,9174675.8,267.36,True,0,,4.82,ATH
08-02-2024 17:00,SURGY,57.0,59.8,56.5,59.25,4298756.0,0.55,2.25,0.34,561.76,2.25,1223029.2,251.48,True,0,,55.1,60.7
08-02-2024 17:00,ALGYO,42.84,43.5,42.82,43.42,685944.0,0.08,0.58,0.14,320.29,0.58,336417.7,103.9,True,0,,41.8,ATH
08-02-2024 17:00,ECILC,50.7,52.4,50.55,52.35,2067271.0,0.05,1.65,0.23,617.39,1.65,569842.4,262.78,True,0,,49.8,ATH
08-02-2024 17:00,DYOBY,31.34,32.46,31.26,32.34,572374.0,0.12,1.0,0.16,541.03,1.0,151778.0,277.11,True,0,,30.5,ATH
08-02-2024 17:00,BEYAZ,23.32,24.22,23.22,24.02,923261.0,0.2,0.7,0.04,1742.11,0.7,318679.5,189.71,True,0,,22.6,25.3
08-02-2024 17:00,GZNMI,34.16,34.62,34.02,34.56,228747.0,0.06,0.4,0.01,3233.33,0.4,93074.9,145.77,True,0,,33.92,35.66
08-02-2024 17:00,TKFEN,45.04,45.88,45.02,45.72,1647473.0,0.16,0.68,0.05,1260.0,0.68,560825.1,193.76,True,0,,44.78,46.18
08-02-2024 17:00,SELEC,60.25,61.55,60.2,61.45,648917.0,0.1,1.2,0.09,1311.76,1.2,327904.2,97.9,True,0,,60.05,62.35
08-02-2024 17:00,REEDR,41.36,43.94,41.3,43.3,23308540.0,0.64,1.94,0.12,1516.67,1.94,14619701.5,59.43,True,0,,40.0,44.5
08-02-2024 17:00,AVTUR,8.99,9.18,8.98,9.13,224324.0,0.05,0.14,0.01,2233.33,0.14,132660.5,69.1,True,0,,8.73,9.2
08-02-2024 16:00,IEYHO,5.52,5.69,5.52,5.68,6065679.0,0.01,0.16,0.0,15900.0,0.16,3231701.0,87.69,True,0,,5.5,5.94
08-02-2024 16:00,ETYAT,10.01,10.72,10.0,10.72,1996686.0,0.0,0.71,0.12,506.84,0.71,292416.3,582.82,True,0,,9.48,ATH
08-02-2024 16:00,ALKA,30.56,31.08,30.56,30.98,346737.0,0.1,0.42,0.07,467.57,0.42,195027.8,77.79,True,0,,29.9,31.44
08-02-2024 16:00,IHEVA,2.87,3.0,2.84,3.0,3897271.0,0.0,0.13,0.01,766.67,0.13,869761.6,348.08,True,0,,2.67,ATH
08-02-2024 16:00,GUBRF,147.5,155.9,147.3,155.1,11812485.0,0.8,7.6,0.97,683.51,7.6,2288398.2,416.19,True,0,,143.6,ATH
08-02-2024 16:00,PSGYO,6.12,6.22,6.1,6.2,11290729.0,0.02,0.08,0.01,1233.33,0.08,3308949.5,241.22,True,0,,5.96,6.27
08-02-2024 15:00,TSKB,8.75,8.97,8.74,8.92,11147434.0,0.05,0.17,0.03,448.39,0.17,5146995.8,116.58,True,0,,8.12,ATH
08-02-2024 15:00,TEZOL,22.24,23.28,22.24,23.2,2662113.0,0.08,0.96,0.08,1042.86,0.96,948200.3,180.75,True,0,,21.48,ATH
08-02-2024 15:00,GEDIK,14.73,15.3,14.72,15.14,1179265.0,0.16,0.41,0.06,550.79,0.41,308596.2,282.14,True,0,,14.4,ATH
08-02-2024 15:00,ISCTR,25.78,25.98,25.78,25.94,20425256.0,0.04,0.16,0.02,788.89,0.16,10612318.6,92.47,True,0,,25.62,26.58
08-02-2024 15:00,KCHOL,169.8,171.8,169.8,171.5,2796563.0,0.3,1.7,0.19,794.74,1.7,1297907.9,115.47,True,0,,167.5,172.4
08-02-2024 15:00,NTGAZ,18.87,19.45,18.87,19.35,1898298.0,0.1,0.48,0.09,421.74,0.48,650363.6,191.88,True,0,,18.15,19.44
08-02-2024 14:00,BAGFS,28.2,29.22,28.16,28.94,1647541.0,0.28,0.74,0.1,625.49,0.74,605838.8,171.94,True,0,,27.32,ATH
08-02-2024 14:00,EUHOL,3.49,3.73,3.49,3.71,25269553.0,0.02,0.22,0.01,2344.44,0.22,5546501.8,355.59,True,0,,3.36,3.74
08-02-2024 14:00,GEREL,24.88,26.06,24.88,25.84,1338081.0,0.22,0.96,0.12,686.89,0.96,758649.5,76.38,True,0,,23.02,ATH
08-02-2024 14:00,NTHOL,28.1,28.44,28.1,28.44,604444.0,0.0,0.34,0.06,466.67,0.34,336673.7,79.53,True,0,,25.26,ATH
08-02-2024 14:00,TMSN,102.8,108.1,102.7,108.1,2162769.0,0.0,5.3,1.11,377.48,5.3,597493.4,261.97,True,0,,94.0,ATH
08-02-2024 14:00,CEOEM,22.1,22.94,22.06,22.92,450956.0,0.02,0.82,0.04,1852.38,0.82,280985.2,60.49,True,0,,21.84,25.88
08-02-2024 14:00,CEMTS,12.02,12.41,12.01,12.38,5678248.0,0.03,0.36,0.05,634.69,0.36,1773340.5,220.2,True,0,,11.77,ATH
08-02-2024 14:00,NETAS,60.8,61.9,60.8,61.9,115954.0,0.0,1.1,0.09,1122.22,1.1,68766.7,68.62,True,0,,59.0,ATH
08-02-2024 14:00,PRDGS,7.85,7.93,7.84,7.91,1858769.0,0.02,0.06,0.01,757.14,0.06,764356.9,143.18,True,0,,7.65,7.92
08-02-2024 14:00,INVEO,48.02,49.2,48.0,48.92,943685.0,0.28,0.9,0.12,650.0,0.9,309052.0,205.35,True,0,,46.62,49.68
08-02-2024 14:00,BTCIM,114.7,117.5,114.5,117.4,578687.0,0.1,2.7,0.53,409.43,2.7,224866.0,157.35,True,1,117.5,110.7,117.5
08-02-2024 14:00,BRSAN,634.0,663.5,633.5,663.5,1159876.0,0.0,29.5,4.9,502.04,29.5,320598.8,261.78,True,0,,603.5,ATH
08-02-2024 13:00,ALKIM,39.66,40.54,39.6,40.48,782351.0,0.06,0.82,0.12,572.13,0.82,184270.1,324.57,True,0,,39.06,ATH
08-02-2024 13:00,DENGE,2.84,2.88,2.83,2.88,1818711.0,0.0,0.04,0.01,566.67,0.04,1171758.3,55.21,True,0,,2.77,ATH
08-02-2024 13:00,DARDL,7.5,8.0,7.48,7.98,10341215.0,0.02,0.48,0.06,686.89,0.48,1858502.8,456.43,True,0,,7.23,ATH
08-02-2024 13:00,KIMMR,8.01,8.3,7.97,8.22,2113788.0,0.08,0.21,0.01,2233.33,0.21,800603.9,164.02,True,0,,7.87,9.2
08-02-2024 13:00,RYGYO,26.48,27.0,26.44,26.98,550592.0,0.02,0.5,0.11,346.43,0.5,327777.4,67.98,True,0,,24.4,ATH
08-02-2024 13:00,KAYSE,36.54,37.08,36.48,36.94,1456500.0,0.14,0.4,0.04,952.63,0.4,965072.8,50.92,True,0,,35.9,38.66
08-02-2024 13:00,LRSHO,2.57,2.6,2.55,2.6,5543217.0,0.0,0.03,0.0,650.0,0.03,3394686.1,63.29,True,0,,2.43,2.88
08-02-2024 13:00,GOZDE,25.92,26.82,25.88,26.72,1794375.0,0.1,0.8,0.13,525.0,0.8,519571.2,245.36,True,0,,25.04,ATH
08-02-2024 13:00,BIGCH,33.48,34.0,32.94,33.94,456376.0,0.06,0.46,0.02,2775.0,0.46,253699.6,79.89,True,0,,32.56,34.84
08-02-2024 13:00,TKNSA,37.54,38.4,37.48,38.2,1259457.0,0.2,0.66,0.1,573.47,0.66,575829.6,118.72,True,0,,36.8,40.6
08-02-2024 13:00,SOKE,20.88,21.16,20.88,21.1,1627126.0,0.06,0.22,0.03,685.71,0.22,616374.4,163.98,True,0,,20.38,21.3
08-02-2024 13:00,KOPOL,51.45,52.8,51.05,52.75,905511.0,0.05,1.3,0.1,1200.0,1.3,575503.8,57.34,True,0,,49.42,53.1
08-02-2024 12:00,ISFIN,11.51,11.6,11.5,11.59,4417068.0,0.01,0.08,0.0,7900.0,0.08,1634901.3,170.17,True,0,,11.44,11.6
08-02-2024 12:00,KATMR,2.43,2.51,2.43,2.51,19195699.0,0.0,0.08,0.01,471.43,0.08,9834373.9,95.19,True,0,,2.32,ATH
08-02-2024 12:00,EYGYO,11.65,11.94,11.6,11.93,1046512.0,0.01,0.28,0.04,522.22,0.28,686948.7,52.34,True,0,,10.96,12.17
08-02-2024 12:00,IDGYO,5.26,5.36,5.25,5.35,163241.0,0.01,0.09,0.01,1700.0,0.09,72340.4,125.66,True,0,,5.17,5.45
08-02-2024 12:00,GENIL,55.75,57.25,55.5,57.0,365243.0,0.25,1.25,0.25,410.2,1.25,230717.5,58.31,True,0,,53.45,ATH
08-02-2024 12:00,SISE,50.95,51.75,50.95,51.55,15956093.0,0.2,0.6,0.07,757.14,0.6,6553882.8,143.46,True,0,,49.88,ATH
08-02-2024 12:00,AFYON,12.91,13.05,12.91,13.02,2866724.0,0.03,0.11,0.03,307.41,0.11,1432392.0,100.14,True,0,,12.52,ATH
08-02-2024 12:00,ASUZU,72.85,73.95,72.5,73.95,236581.0,0.0,1.1,0.13,746.15,1.1,137457.6,72.11,True,0,,71.5,74.0
08-02-2024 12:00,KLSYN,6.21,6.33,6.2,6.32,854987.0,0.01,0.11,0.02,511.11,0.11,517149.5,65.33,True,0,,5.72,6.54
08-02-2024 12:00,RNPOL,36.86,37.92,36.86,37.8,351759.0,0.12,0.94,0.09,900.0,0.94,101198.1,247.59,True,0,,36.1,38.2
08-02-2024 12:00,SEKFK,17.45,17.7,17.42,17.7,186293.0,0.0,0.25,0.03,706.45,0.25,119835.9,55.46,True,0,,17.25,18.19
08-02-2024 12:00,TUREX,36.96,38.56,36.96,38.4,370423.0,0.16,1.44,0.28,414.29,1.44,168985.4,119.2,True,0,,35.26,ATH
08-02-2024 12:00,SEYKM,6.66,6.8,6.65,6.8,962903.0,0.0,0.14,0.02,636.84,0.14,354540.2,171.59,True,0,,6.56,ATH
08-02-2024 11:00,POLHO,14.92,15.59,14.88,15.46,5300560.0,0.13,0.54,0.07,718.18,0.54,2226574.4,138.06,True,1,15.59,13.98,15.59
08-02-2024 11:00,SKTAS,5.09,5.21,5.06,5.19,1769895.0,0.02,0.1,0.02,455.56,0.1,995456.3,77.8,True,0,,4.92,5.25
08-02-2024 11:00,OYLUM,10.15,10.47,10.15,10.38,749769.0,0.09,0.23,0.02,900.0,0.23,348757.1,114.98,True,0,,9.98,ATH
08-02-2024 11:00,SUNTK,18.67,19.0,18.64,18.98,328651.0,0.02,0.31,0.03,1092.31,0.31,171321.5,91.83,True,0,,16.85,19.28
08-02-2024 11:00,SUWEN,20.28,21.4,20.22,21.28,2108067.0,0.12,1.0,0.09,986.96,1.0,757765.3,178.2,True,0,,19.35,ATH
08-02-2024 11:00,AKFYE,23.98,24.24,23.82,24.18,5299135.0,0.06,0.2,0.02,1011.11,0.2,1930776.4,174.46,True,0,,19.47,25.0
08-02-2024 11:00,AKFGY,2.25,2.33,2.24,2.32,39420410.0,0.01,0.07,0.0,2233.33,0.07,18324217.4,115.13,True,2,2.24,2.24,ATH
08-02-2024 11:00,GOODY,21.84,22.18,21.78,22.12,320300.0,0.06,0.28,0.02,1172.73,0.28,190128.1,68.47,True,0,,21.62,22.14
08-02-2024 11:00,EREGL,44.86,45.72,44.82,45.58,40166850.0,0.14,0.72,0.03,2017.65,0.72,15104181.0,165.93,True,0,,44.68,ATH
08-02-2024 11:00,KCAER,40.52,41.06,40.46,41.0,2009742.0,0.06,0.48,0.04,1042.86,0.48,1261714.9,59.29,True,0,,39.02,43.22
08-02-2024 11:00,KRVGD,24.42,25.26,24.38,25.06,500253.0,0.2,0.64,0.05,1233.33,0.64,120224.5,316.1,True,2,24.38,24.38,ATH
08-02-2024 11:00,ISDMR,37.9,38.48,37.88,38.36,909670.0,0.12,0.46,0.0,11400.0,0.46,450749.2,101.81,True,0,,37.84,38.6
08-02-2024 11:00,KLMSN,33.62,34.94,33.52,34.72,461371.0,0.22,1.1,0.08,1209.52,1.1,140758.8,227.77,True,0,,31.9,ATH
08-02-2024 11:00,CIMSA,36.56,37.6,36.52,37.48,2147612.0,0.12,0.92,0.02,5011.11,0.92,1295696.9,65.75,True,0,,36.5,38.78
08-02-2024 11:00,YEOTK,255.5,263.0,251.25,261.0,1443994.0,2.0,5.5,0.42,1194.12,5.5,515569.9,180.08,True,0,,246.5,ATH
08-02-2024 11:00,KONKA,51.9,55.75,51.75,55.2,1865133.0,0.55,3.3,0.38,768.42,3.3,408632.6,356.43,True,1,55.75,50.55,55.75
08-02-2024 11:00,BNTAS,10.8,11.3,10.77,11.3,5377233.0,0.0,0.5,0.08,488.24,0.5,2051724.6,162.08,True,0,,8.0,ATH
08-02-2024 11:00,BOBET,37.64,38.08,37.58,38.04,779949.0,0.04,0.4,0.03,1076.47,0.4,447031.0,74.47,True,0,,37.46,38.68
08-02-2024 11:00,BUCIM,8.47,8.61,8.42,8.6,7856264.0,0.01,0.13,0.03,333.33,0.13,3367630.0,133.29,True,0,,8.03,ATH
08-02-2024 11:00,BSOKE,12.46,12.61,12.43,12.59,1163252.0,0.02,0.13,0.01,1344.44,0.13,587050.6,98.15,True,0,,12.24,12.73
08-02-2024 11:00,IHAAS,14.51,14.88,14.51,14.83,809198.0,0.05,0.32,0.04,814.29,0.32,291939.1,177.18,True,0,,13.93,ATH
08-02-2024 11:00,BRLSM,35.2,37.1,34.94,36.7,2289680.0,0.4,1.5,0.02,6150.0,1.5,1517219.8,50.91,True,0,,34.38,37.96
08-02-2024 10:00,TOASO,253.75,257.5,253.75,256.5,1150500.0,1.0,2.75,0.22,1122.22,2.75,358379.2,221.03,True,0,,252.5,258.75
08-02-2024 10:00,GOKNR,23.82,25.18,23.8,24.92,4957750.0,0.26,1.1,0.1,978.43,1.1,978538.2,406.65,True,0,,23.68,ATH
08-02-2024 10:00,TUPRS,154.7,157.4,154.6,156.7,10421571.0,0.7,2.0,0.12,1566.67,2.0,3741658.0,178.53,True,0,,153.4,157.5
08-02-2024 10:00,SMRTG,72.2,76.65,69.4,76.05,10642875.0,0.6,3.85,0.77,400.0,3.85,2499092.5,325.87,True,0,,63.65,ATH
08-02-2024 10:00,MSGYO,14.9,15.54,14.9,15.4,689789.0,0.14,0.5,0.09,443.48,0.5,246301.1,180.06,True,1,15.54,14.54,15.54
08-02-2024 10:00,GWIND,27.62,28.12,27.6,28.1,1705940.0,0.02,0.48,0.04,990.91,0.48,1117026.6,52.72,True,0,,26.98,28.3
08-02-2024 10:00,SELVA,13.6,13.79,13.45,13.77,440092.0,0.02,0.17,0.03,431.25,0.17,213648.6,105.99,True,0,,12.6,ATH
08-02-2024 10:00,GENTS,8.73,8.85,8.72,8.83,657510.0,0.02,0.1,0.0,4900.0,0.1,433371.5,51.72,True,0,,8.64,9.0
08-02-2024 10:00,MACKO,80.95,83.2,80.5,82.9,1930134.0,0.3,1.95,0.17,1047.06,1.95,401043.3,381.28,True,2,80.5,80.5,84.35
08-02-2024 10:00,MEDTR,33.74,35.2,33.72,34.98,547500.0,0.22,1.24,0.09,1247.83,1.24,146444.1,273.86,True,0,,33.66,ATH
08-02-2024 10:00,MEGAP,4.83,5.0,4.82,4.96,5204443.0,0.04,0.13,0.02,766.67,0.13,1605679.9,224.13,True,0,,4.62,ATH
08-02-2024 10:00,PENGD,7.26,7.39,7.25,7.37,1274623.0,0.02,0.11,0.02,450.0,0.11,719595.9,77.13,True,0,,7.05,7.54
08-02-2024 10:00,KERVT,11.61,11.88,11.61,11.87,1509802.0,0.01,0.26,0.03,796.55,0.26,432486.0,249.1,True,0,,11.55,12.33
08-02-2024 10:00,ICBCT,17.8,18.34,17.74,18.29,710378.0,0.05,0.49,0.01,3400.0,0.49,359190.0,97.77,True,0,,17.68,18.68
08-02-2024 10:00,PEGYO,23.1,23.7,23.08,23.7,1737364.0,0.0,0.6,0.01,4900.0,0.6,511594.1,239.6,True,0,,22.94,24.92
08-02-2024 10:00,HUNER,8.45,8.88,8.41,8.79,14258145.0,0.09,0.34,0.08,319.75,0.34,4388659.8,224.89,True,0,,7.4,ATH
08-02-2024 10:00,TUKAS,8.43,8.7,8.43,8.66,9550177.0,0.04,0.23,0.01,1669.23,0.23,2385434.7,300.35,True,0,,8.42,8.69
08-02-2024 10:00,ARZUM,39.4,42.4,39.32,41.56,1521288.0,0.84,2.16,0.3,629.73,2.16,338373.5,349.59,True,0,,37.28,41.6
08-02-2024 10:00,AVHOL,60.95,62.35,60.1,62.35,1083639.0,0.0,1.4,0.14,900.0,1.4,150952.2,617.87,True,1,62.35,31.34,ATH
08-02-2024 10:00,ELITE,56.9,58.5,56.1,58.5,1093019.0,0.0,1.6,0.05,3100.0,1.6,278677.8,292.22,True,1,58.5,53.2,ATH
08-02-2024 10:00,DESA,22.68,23.0,22.5,22.96,261778.0,0.04,0.28,0.04,566.67,0.28,112354.9,132.99,True,2,22.5,22.5,23.16
08-02-2024 10:00,BASGZ,20.4,20.7,20.32,20.66,669650.0,0.04,0.26,0.04,550.0,0.26,305884.5,118.92,True,0,,20.22,21.3
08-02-2024 10:00,DGNMO,11.2,11.54,11.2,11.52,1096932.0,0.02,0.32,0.03,900.0,0.32,450001.3,143.76,True,0,,10.36,ATH
08-02-2024 10:00,BERA,13.29,13.5,13.29,13.48,4423693.0,0.02,0.19,0.02,804.76,0.19,1988663.8,122.45,True,0,,12.87,13.58
08-02-2024 10:00,FADE,18.91,19.94,18.84,19.86,2239770.0,0.08,0.95,0.11,726.09,0.95,484374.0,362.41,True,2,18.84,18.84,ATH
08-02-2024 10:00,YYLGD,15.63,16.43,15.63,16.26,16365162.0,0.17,0.63,0.05,1160.0,0.63,2802898.1,483.87,True,0,,15.56,16.58
08-02-2024 10:00,AVGYO,8.55,8.72,8.53,8.7,422535.0,0.02,0.15,0.01,1566.67,0.15,196765.1,114.74,True,2,8.53,8.53,8.84
07-02-2024 17:00,MERKO,11.57,12.21,11.3,12.21,2322974.0,0.0,0.64,0.11,476.58,0.64,754087.6,208.05,True,0,,11.04,ATH
07-02-2024 17:00,IMASM,14.83,15.4,14.66,15.4,6763251.0,0.0,0.57,0.13,325.37,0.57,2094452.2,222.91,True,0,,13.75,ATH
07-02-2024 17:00,VANGD,17.8,18.51,17.8,18.5,512746.0,0.01,0.7,0.07,845.95,0.7,145917.6,251.39,True,0,,17.59,19.03
07-02-2024 17:00,HDFGS,2.16,2.27,2.16,2.27,15031866.0,0.0,0.11,0.02,511.11,0.11,6167334.8,143.73,True,0,,1.93,ATH
07-02-2024 17:00,SKYMD,11.44,12.6,11.41,12.6,12177070.0,0.0,1.16,0.11,926.55,1.16,2865294.7,324.98,True,0,,11.01,ATH
07-02-2024 17:00,AKSEN,37.9,38.7,37.76,38.68,1836172.0,0.02,0.78,0.09,786.36,0.78,956260.6,92.02,True,0,,36.66,38.82
07-02-2024 16:00,BIENY,48.0,49.68,47.82,49.3,2273944.0,0.38,1.3,0.08,1610.53,1.3,596252.1,281.37,True,3,,47.82,49.4
07-02-2024 16:00,SEKUR,10.32,10.63,10.3,10.6,315744.0,0.03,0.28,0.03,900.0,0.28,173922.1,81.54,True,0,,10.15,10.7
07-02-2024 16:00,SEKUR,10.32,10.63,10.3,10.6,315744.0,0.03,0.28,0.03,900.0,0.28,173922.1,81.54,True,0,,10.15,10.7
07-02-2024 16:00,INDES,8.27,8.52,8.27,8.45,4980474.0,0.07,0.18,0.01,1284.62,0.18,2707807.5,83.93,True,1,8.52,7.57,8.52
07-02-2024 16:00,CRDFA,5.94,6.16,5.92,6.14,1446667.0,0.02,0.2,0.01,1328.57,0.2,380736.7,279.97,True,0,,5.91,6.21
07-02-2024 16:00,CELHA,30.04,31.6,29.98,31.6,168036.0,0.0,1.56,0.03,5471.43,1.56,70068.4,139.82,True,0,,29.76,31.8
07-02-2024 16:00,ISKPL,8.57,8.9,8.54,8.85,925280.0,0.05,0.28,0.05,460.0,0.28,351618.1,163.15,True,1,8.9,8.27,8.9
07-02-2024 16:00,CELHA,30.04,31.6,29.98,31.6,168036.0,0.0,1.56,0.03,5471.43,1.56,70068.4,139.82,True,0,,29.76,31.8
07-02-2024 16:00,ALTIN,23.28,23.37,23.26,23.35,2227296.0,0.02,0.07,0.01,900.0,0.07,1111924.6,100.31,True,2,23.26,23.26,23.57
07-02-2024 16:00,MAKTK,6.38,6.54,6.37,6.5,1729684.0,0.04,0.12,0.0,2300.0,0.12,798886.7,116.51,True,0,,6.31,6.57
07-02-2024 16:00,ULUFA,9.83,10.07,9.82,10.01,1037155.0,0.06,0.18,0.02,650.0,0.18,486609.5,113.14,True,0,,9.57,10.36
07-02-2024 15:00,PINSU,17.14,17.46,17.11,17.39,202559.0,0.07,0.25,0.02,1288.89,0.25,113353.4,78.7,True,0,,16.84,17.55
07-02-2024 15:00,TAVHL,149.8,153.1,149.7,152.8,865438.0,0.3,3.0,0.55,445.45,3.0,370023.1,133.89,True,0,,142.6,ATH
07-02-2024 15:00,IHGZT,1.37,1.42,1.37,1.41,9380291.0,0.01,0.04,0.01,344.44,0.04,6226117.8,50.66,True,0,,1.3,ATH
07-02-2024 14:00,KZGYO,30.0,30.68,29.88,30.58,798927.0,0.1,0.58,0.11,427.27,0.58,503479.6,58.68,True,1,30.68,25.5,30.68
07-02-2024 14:00,LOGO,95.65,99.8,94.6,99.3,561014.0,0.5,3.65,0.49,652.58,3.65,214248.3,161.85,True,1,99.8,88.5,99.8
07-02-2024 14:00,GLBMD,41.8,43.8,41.6,43.34,278847.0,0.46,1.54,0.2,670.0,1.54,149691.1,86.28,True,0,,37.8,ATH
07-02-2024 13:00,ANSGR,74.15,75.9,74.15,75.6,485903.0,0.3,1.45,0.06,2536.36,1.45,290942.2,67.01,True,0,,70.05,76.5
07-02-2024 13:00,IHLGM,1.57,1.62,1.57,1.61,8723196.0,0.01,0.04,0.01,566.67,0.04,5733825.7,52.14,True,0,,1.5,ATH
07-02-2024 13:00,AKGRT,6.89,7.07,6.88,7.06,9164591.0,0.01,0.17,0.02,750.0,0.17,3173005.5,188.83,True,1,7.07,6.43,7.07
07-02-2024 13:00,BJKAS,56.35,56.7,55.95,56.65,406420.0,0.05,0.3,0.04,757.14,0.3,176998.8,129.62,True,0,,55.6,58.0
07-02-2024 12:00,TATEN,46.38,49.22,46.34,48.7,5250481.0,0.52,2.32,0.29,711.19,2.32,2132314.4,146.23,True,1,49.22,39.12,49.22
07-02-2024 12:00,TATGD,33.64,34.66,33.62,34.56,770495.0,0.1,0.92,0.03,2775.0,0.92,245549.6,213.78,True,0,,33.36,35.38
07-02-2024 12:00,AKSGY,16.0,16.62,15.99,16.61,1767130.0,0.01,0.61,0.06,989.29,0.61,517574.2,241.43,True,0,,15.51,ATH
07-02-2024 12:00,GRSEL,72.2,74.65,71.75,74.3,374267.0,0.35,2.1,0.15,1348.28,2.1,114103.1,228.01,True,2,71.75,71.75,80.0
07-02-2024 12:00,AKENR,5.1,5.21,5.09,5.18,2768220.0,0.03,0.08,0.01,433.33,0.08,1043255.8,165.34,True,1,5.21,4.96,5.21
07-02-2024 12:00,IZENR,35.64,36.6,35.64,36.42,4038107.0,0.18,0.78,0.11,635.85,0.78,2117540.6,90.7,True,1,36.6,34.4,36.6
07-02-2024 12:00,TRILC,12.84,13.08,12.82,13.07,1946378.0,0.01,0.23,0.01,1542.86,0.23,729188.1,166.92,True,0,,12.7,ATH
07-02-2024 12:00,OYAKC,63.9,64.9,63.85,64.75,2777022.0,0.15,0.85,0.15,466.67,0.85,1832842.7,51.51,True,0,,62.7,64.95
07-02-2024 12:00,SAHOL,78.2,79.75,78.1,79.55,10565511.0,0.2,1.35,0.31,328.57,1.35,4873423.4,116.8,True,0,,76.0,80.5
07-02-2024 12:00,OZKGY,9.26,9.64,9.25,9.63,5422252.0,0.01,0.37,0.04,780.95,0.37,1923297.5,181.92,True,0,,9.07,ATH
07-02-2024 12:00,EPLAS,6.34,6.5,6.31,6.49,977295.0,0.01,0.15,0.02,837.5,0.15,429871.6,127.35,True,3,,6.31,6.53
07-02-2024 12:00,TABGD,140.6,149.5,140.6,148.5,4302058.0,1.0,7.9,0.87,808.05,7.9,790066.8,444.52,True,0,,139.2,ATH
07-02-2024 11:00,ASTOR,126.7,129.7,126.3,129.3,5649453.0,0.4,2.6,0.48,441.67,2.6,2343619.4,141.06,True,0,,124.1,ATH
07-02-2024 11:00,ARASE,68.1,70.7,68.0,70.45,805738.0,0.25,2.35,0.35,581.16,2.35,220158.3,265.98,True,1,70.7,66.2,70.7
07-02-2024 11:00,CWENE,354.0,367.0,353.25,364.5,746905.0,2.5,10.5,1.78,491.55,10.5,279029.2,167.68,True,0,,342.75,ATH
07-02-2024 11:00,GLCVY,41.46,43.4,41.44,43.22,1055635.0,0.18,1.76,0.21,738.1,1.76,222207.2,375.07,True,0,,36.4,ATH
07-02-2024 11:00,PRKME,23.42,24.08,23.38,24.06,556312.0,0.02,0.64,0.08,680.49,0.64,213776.4,160.23,True,0,,23.02,ATH
07-02-2024 11:00,IHLAS,1.14,1.15,1.13,1.15,19850784.0,0.0,0.01,0.0,400.0,0.01,5093034.0,289.76,True,0,,1.1,ATH
07-02-2024 11:00,TEKTU,4.0,4.32,3.99,4.23,24308278.0,0.09,0.23,0.05,342.31,0.23,11154087.1,117.93,True,0,,3.5,ATH
07-02-2024 11:00,ISSEN,11.82,12.12,11.8,12.06,1214710.0,0.06,0.24,0.04,458.14,0.24,321823.3,277.45,True,0,,11.21,ATH
07-02-2024 11:00,AKSUE,13.83,14.15,13.82,14.07,482884.0,0.08,0.24,0.02,1500.0,0.24,234272.7,106.12,True,0,,13.8,16.81
07-02-2024 11:00,AYEN,29.0,29.64,28.88,29.6,347117.0,0.04,0.6,0.11,426.32,0.6,152783.1,127.2,True,0,,27.84,ATH
07-02-2024 11:00,AKSUE,13.83,14.15,13.82,14.07,482884.0,0.08,0.24,0.02,1500.0,0.24,234272.7,106.12,True,0,,13.8,16.81
07-02-2024 11:00,AGHOL,245.2,249.8,245.0,249.1,376434.0,0.7,3.9,0.3,1200.0,3.9,145687.6,158.38,True,0,,233.0,ATH
07-02-2024 11:00,ODAS,9.56,9.67,9.54,9.66,22722664.0,0.01,0.1,0.01,1900.0,0.1,9570777.3,137.42,True,0,,9.44,9.67
07-02-2024 11:00,ALCTL,115.6,124.2,115.3,123.3,354950.0,0.9,7.7,1.07,619.63,7.7,127835.3,177.66,True,1,124.2,108.8,124.2
07-02-2024 11:00,EKSUN,69.3,70.7,68.9,70.55,570651.0,0.15,1.25,0.06,2172.73,1.25,147857.3,285.95,True,2,68.9,68.9,74.5
07-02-2024 11:00,SAFKR,42.08,43.46,42.02,43.28,365460.0,0.18,1.2,0.0,inf,1.2,169613.4,115.47,True,0,,41.76,46.0
07-02-2024 10:00,MANAS,8.92,9.58,8.87,9.47,3093420.0,0.11,0.55,0.08,554.76,0.55,713564.3,333.52,True,0,,8.6,ATH
07-02-2024 10:00,GESAN,84.1,87.95,83.1,86.9,4212379.0,1.05,2.8,0.42,574.7,2.8,1299501.4,224.15,True,2,83.1,83.1,ATH
07-02-2024 10:00,UNLU,19.99,20.3,19.83,20.24,613454.0,0.06,0.25,0.03,706.45,0.25,325880.2,88.25,True,0,,19.14,21.1
07-02-2024 10:00,KRDMA,22.76,23.28,22.7,23.14,993834.0,0.14,0.38,0.05,603.7,0.38,382249.2,160.0,True,0,,22.4,23.3
07-02-2024 10:00,BRKVY,87.0,92.55,84.2,92.55,597719.0,0.0,5.55,0.56,891.07,5.55,93703.7,537.88,True,1,92.55,58.2,ATH
07-02-2024 10:00,NATEN,50.95,54.65,50.95,54.65,3411193.0,0.0,3.7,0.36,933.52,3.7,575475.0,492.76,True,1,54.65,49.12,ATH
07-02-2024 10:00,KLSER,75.45,79.3,74.8,79.25,4077546.0,0.05,3.8,0.44,773.56,3.8,1057548.7,285.57,True,0,,74.3,ATH
07-02-2024 10:00,ADESE,2.63,2.78,2.63,2.75,25551673.0,0.03,0.12,0.02,650.0,0.12,8204771.1,211.42,True,0,,2.54,ATH
07-02-2024 10:00,DMRGD,17.73,18.71,17.55,18.63,4120483.0,0.08,0.9,0.11,696.46,0.9,1063937.1,287.29,True,0,,15.76,ATH
07-02-2024 10:00,MTRKS,63.0,65.7,60.6,65.3,572790.0,0.4,2.3,0.6,286.55,2.3,156094.9,266.95,True,0,,57.2,ATH
07-02-2024 10:00,OBASE,48.32,53.1,48.3,53.1,1007595.0,0.0,4.78,0.68,602.94,4.78,255296.2,294.68,True,1,53.1,43.0,ATH
07-02-2024 10:00,ULUUN,30.5,31.1,30.44,31.0,833419.0,0.1,0.5,0.06,706.45,0.5,219960.8,278.89,True,0,,30.14,31.3
07-02-2024 10:00,ICUGS,17.23,17.55,16.9,17.46,292146.0,0.09,0.23,0.03,784.62,0.23,144742.4,101.84,True,1,17.55,14.38,17.55
07-02-2024 10:00,MHRGY,5.84,6.15,5.81,6.09,22101234.0,0.06,0.25,0.02,900.0,0.25,3987520.4,454.26,True,2,5.81,5.81,6.16
07-02-2024 10:00,HATSN,85.35,91.1,85.0,91.1,7375315.0,0.0,5.75,0.82,601.22,5.75,1240822.5,494.39,True,1,91.1,72.05,ATH
07-02-2024 10:00,ESEN,19.2,20.9,19.2,20.6,6059550.0,0.3,1.4,0.14,879.02,1.4,830143.4,629.94,True,0,,19.02,ATH
07-02-2024 10:00,EUPWR,183.1,194.1,183.0,191.7,3180500.0,2.4,8.6,1.23,599.19,8.6,916349.1,247.08,True,0,,177.5,ATH
06-02-2024 17:00,TURSG,51.8,52.75,51.7,52.55,917468.0,0.2,0.75,0.18,305.41,0.75,472370.4,94.23,True,0,,47.34,ATH
06-02-2024 17:00,HLGYO,3.09,3.18,3.08,3.17,16490256.0,0.01,0.08,0.01,1042.86,0.08,3610925.1,356.68,True,0,,3.05,ATH
06-02-2024 17:00,MARTI,5.18,5.31,5.12,5.29,8919438.0,0.02,0.11,0.01,900.0,0.11,4095838.7,117.77,True,2,5.12,5.12,5.49
06-02-2024 17:00,GSRAY,7.07,7.13,7.05,7.13,5334600.0,0.0,0.06,0.0,5900.0,0.06,2160857.3,146.87,True,0,,7.01,7.38
06-02-2024 16:00,AVOD,3.62,3.7,3.61,3.7,2985515.0,0.0,0.08,0.01,1500.0,0.08,1325435.7,125.25,True,0,,3.59,3.71
06-02-2024 16:00,PGSUS,785.5,793.0,784.5,791.0,480561.0,2.0,5.5,0.55,900.0,5.5,278918.2,72.29,True,0,,761.5,796.0
06-02-2024 16:00,OZSUB,28.2,28.64,28.0,28.64,249434.0,0.0,0.44,0.01,7233.33,0.44,150944.9,65.25,True,2,28.0,28.0,29.4
06-02-2024 16:00,BMSTL,41.38,43.72,41.38,43.48,421053.0,0.24,2.1,0.23,813.04,2.1,178621.0,135.72,True,0,,40.54,ATH
06-02-2024 16:00,KRDMB,21.56,21.96,21.54,21.86,499734.0,0.1,0.3,0.01,2900.0,0.3,150876.4,231.22,True,0,,21.52,22.14
06-02-2024 16:00,THYAO,287.25,293.25,287.0,292.0,13005150.0,1.25,4.75,0.57,726.09,4.75,5090165.2,155.5,True,1,293.25,267.0,293.25
06-02-2024 16:00,KRPLS,8.22,8.6,8.21,8.59,4427407.0,0.01,0.37,0.04,825.0,0.37,1008471.0,339.02,True,0,,8.12,ATH
06-02-2024 16:00,SNICA,37.52,38.28,37.46,38.2,466585.0,0.08,0.68,0.04,1600.0,0.68,291390.6,60.12,True,0,,36.08,ATH
06-02-2024 16:00,HURGZ,4.7,4.81,4.7,4.8,2182554.0,0.01,0.1,0.02,525.0,0.1,962485.8,126.76,True,0,,4.52,ATH
06-02-2024 15:00,KMPUR,67.5,69.3,67.45,68.95,1036548.0,0.35,1.45,0.12,1060.0,1.45,334263.0,210.1,True,0,,66.3,ATH
06-02-2024 15:00,KAREL,14.23,14.75,14.18,14.62,3690999.0,0.13,0.39,0.08,406.49,0.39,1082965.1,240.82,True,0,,13.88,ATH
06-02-2024 15:00,SDTTR,385.75,425.0,383.25,425.0,1389189.0,0.0,39.25,3.58,997.9,39.25,276757.9,401.95,True,0,,370.5,ATH
06-02-2024 15:00,PENTA,20.24,21.44,20.22,21.38,4977979.0,0.06,1.14,0.12,819.35,1.14,1082484.4,359.87,True,0,,19.96,22.42
06-02-2024 15:00,ALMAD,8.14,8.55,8.13,8.47,4248104.0,0.08,0.33,0.06,450.0,0.33,1321841.5,221.38,True,1,8.55,7.6,8.55
06-02-2024 15:00,ARENA,44.66,47.74,43.0,47.26,1088999.0,0.48,2.6,0.35,634.46,2.6,513300.3,112.16,True,2,43.0,43.0,ATH
06-02-2024 15:00,ALBRK,4.49,4.7,4.45,4.67,15248229.0,0.03,0.18,0.03,462.5,0.18,4496036.6,239.15,True,1,4.7,4.31,4.7
06-02-2024 15:00,ONCSM,235.8,247.0,234.0,244.6,432386.0,2.4,8.8,0.61,1342.62,8.8,159101.2,171.77,True,1,247.0,212.0,247.0
06-02-2024 15:00,TRCAS,26.46,27.16,26.4,27.04,1431674.0,0.12,0.58,0.15,276.62,0.58,394452.4,262.95,True,0,,25.36,ATH
06-02-2024 15:00,HALKB,13.32,13.52,13.29,13.48,24728468.0,0.04,0.16,0.01,1130.77,0.16,6258949.5,295.09,True,1,13.52,13.18,13.52
06-02-2024 15:00,VAKBN,14.15,14.58,14.13,14.51,36021692.0,0.07,0.36,0.02,1340.0,0.36,8005209.7,349.98,True,1,14.58,14.05,14.58
06-02-2024 14:00,PRZMA,54.5,59.1,54.35,57.8,744847.0,1.3,3.3,0.42,676.47,3.3,159722.3,366.34,True,0,,51.25,ATH
06-02-2024 14:00,EBEBK,65.2,67.4,65.0,67.2,1124235.0,0.2,2.0,0.14,1381.48,2.0,343365.6,227.42,True,0,,64.55,ATH
06-02-2024 14:00,NUGYO,7.1,7.2,7.08,7.19,637874.0,0.01,0.09,0.01,800.0,0.09,339095.6,88.11,True,0,,6.99,ATH
06-02-2024 14:00,AKSA,94.35,97.7,94.35,97.6,733025.0,0.1,3.25,0.35,828.57,3.25,191285.1,283.21,True,0,,92.75,ATH
06-02-2024 14:00,HATEK,13.33,13.58,13.21,13.55,866943.0,0.03,0.22,0.06,292.86,0.22,553974.9,56.49,True,0,,12.87,ATH
06-02-2024 14:00,INFO,14.95,15.21,14.93,15.17,467654.0,0.04,0.22,0.04,494.59,0.22,221400.2,111.23,True,0,,14.66,ATH
06-02-2024 14:00,BOSSA,10.24,10.37,10.24,10.37,244333.0,0.0,0.13,0.01,1344.44,0.13,142483.5,71.48,True,0,,9.98,10.42
06-02-2024 14:00,AGYO,8.92,9.05,8.92,9.04,544063.0,0.01,0.12,0.02,605.88,0.12,318726.4,70.7,True,0,,8.8,9.49
06-02-2024 13:00,GIPTA,38.52,39.66,38.38,39.58,1054177.0,0.08,1.06,0.21,404.76,1.06,519461.3,102.94,True,0,,36.7,ATH
06-02-2024 13:00,ALARK,113.5,116.2,113.4,115.5,1569696.0,0.7,2.0,0.25,700.0,2.0,830081.4,89.1,True,0,,108.3,ATH
06-02-2024 13:00,VKGYO,2.07,2.1,2.07,2.1,10243105.0,0.0,0.03,0.0,1400.0,0.03,6177398.2,65.82,True,0,,2.06,2.11
06-02-2024 13:00,TSGYO,6.23,6.39,6.23,6.36,1957471.0,0.03,0.13,0.02,441.67,0.13,756145.8,158.87,True,0,,6.03,ATH
06-02-2024 13:00,FZLGY,15.0,15.49,14.99,15.37,2804976.0,0.12,0.37,0.01,4525.0,0.37,878703.4,219.22,True,0,,14.9,15.5
06-02-2024 13:00,KONTR,246.7,255.5,246.6,254.5,2351287.0,1.0,7.8,0.49,1491.84,7.8,650355.8,261.54,True,0,,243.4,ATH
06-02-2024 13:00,RUBNS,27.68,28.68,27.62,28.56,451434.0,0.12,0.88,0.06,1319.35,0.88,156433.0,188.58,True,0,,27.06,ATH
06-02-2024 13:00,GMTAS,8.28,8.5,8.28,8.48,443520.0,0.02,0.2,0.01,1718.18,0.2,190770.6,132.49,True,0,,8.26,8.54
06-02-2024 13:00,USAK,11.98,12.32,11.96,12.3,940240.0,0.02,0.32,0.03,1085.19,0.32,498268.1,88.7,True,0,,11.93,12.74
06-02-2024 12:00,A1CAP,31.42,32.86,31.34,32.46,1392540.0,0.4,1.04,0.07,1305.41,1.04,341334.9,307.97,True,1,32.86,31.0,32.86
06-02-2024 12:00,AYDEM,25.28,25.92,25.28,25.82,847996.0,0.1,0.54,0.07,629.73,0.54,346084.1,145.03,True,0,,24.58,ATH
06-02-2024 12:00,ARDYZ,45.88,47.5,45.76,47.28,3259216.0,0.22,1.4,0.22,542.2,1.4,1292164.1,152.23,True,0,,37.6,ATH
06-02-2024 12:00,EDATA,20.64,21.4,20.6,21.34,908112.0,0.06,0.7,0.09,644.68,0.7,462229.5,96.46,True,0,,19.7,ATH
06-02-2024 12:00,KRONT,18.85,19.43,18.7,19.27,744116.0,0.16,0.42,0.04,900.0,0.42,470680.6,58.09,True,0,,15.91,19.45
06-02-2024 11:00,RTALB,15.21,15.92,15.2,15.89,4834352.0,0.03,0.68,0.04,1737.84,0.68,1074076.9,350.09,True,0,,15.11,ATH
06-02-2024 11:00,FORTE,83.7,86.45,83.4,85.8,803344.0,0.65,2.1,0.17,1135.29,2.1,330462.6,143.1,True,0,,82.15,87.2
06-02-2024 11:00,GLRYH,12.6,13.2,12.52,13.17,2168045.0,0.03,0.57,0.04,1225.58,0.57,793503.8,173.22,True,0,,11.7,ATH
06-02-2024 11:00,OFSYM,64.0,66.7,63.8,66.4,1109686.0,0.3,2.4,0.2,1130.77,2.4,599636.4,85.06,True,0,,60.4,67.35
06-02-2024 11:00,EGEPO,19.85,20.36,19.81,20.24,747673.0,0.12,0.39,0.03,1292.86,0.39,211986.8,252.7,True,0,,19.3,20.4
06-02-2024 10:00,SANFM,57.15,59.95,56.5,59.8,395197.0,0.15,2.65,0.4,554.32,2.65,139193.3,183.92,True,0,,48.74,ATH
06-02-2024 10:00,MIPAZ,89.0,94.1,88.95,94.1,1357588.0,0.0,5.1,0.69,633.81,5.1,271636.3,399.78,True,1,94.1,75.8,ATH
06-02-2024 10:00,BRKSN,32.7,33.88,32.52,33.82,618361.0,0.06,1.12,0.13,748.48,1.12,186337.1,231.85,True,0,,31.8,36.14
06-02-2024 10:00,TRGYO,37.56,37.96,37.3,37.9,678244.0,0.06,0.34,0.02,1445.45,0.34,279382.2,142.77,True,0,,36.76,38.02
06-02-2024 10:00,ERCB,140.8,147.0,140.7,146.8,527380.0,0.2,6.0,0.49,1124.49,6.0,107781.7,389.3,True,0,,137.5,147.0
06-02-2024 10:00,AGROT,30.18,31.84,30.16,31.5,6616692.0,0.34,1.32,0.33,304.91,1.32,1767653.5,274.32,True,0,,26.38,ATH
06-02-2024 10:00,PLTUR,17.26,17.98,17.24,17.83,1738543.0,0.15,0.57,0.06,866.1,0.57,541048.9,221.33,True,0,,16.9,18.65
06-02-2024 10:00,DOFER,52.25,55.05,52.1,55.05,3066936.0,0.0,2.8,0.28,900.0,2.8,349039.7,778.68,True,1,55.05,39.44,ATH
05-02-2024 17:00,MGROS,427.75,438.0,427.5,438.0,453472.0,0.0,10.25,1.62,530.77,10.25,174422.7,159.98,True,0,,415.5,ATH
05-02-2024 17:00,ADGYO,33.52,35.36,33.46,35.3,3142187.0,0.06,1.78,0.22,709.09,1.78,554001.9,467.18,True,0,,33.08,36.3
05-02-2024 17:00,AEFES,151.9,153.2,151.8,152.9,1456484.0,0.3,1.0,0.38,163.16,1.0,538917.6,170.26,True,0,,147.5,ATH
05-02-2024 17:00,ATATP,138.1,148.0,137.0,146.8,641073.0,1.2,8.7,1.09,698.17,8.7,191090.1,235.48,True,0,,134.5,ATH
05-02-2024 17:00,FONET,8.95,9.31,8.92,9.24,2629101.0,0.07,0.29,0.04,683.78,0.29,1179230.0,122.95,True,0,,7.58,ATH
05-02-2024 17:00,EMKEL,19.76,20.46,19.61,20.46,3309926.0,0.0,0.7,0.19,276.34,0.7,1076074.3,207.59,True,0,,18.56,ATH
05-02-2024 16:00,OSTIM,7.26,7.43,7.25,7.42,1127325.0,0.01,0.16,0.03,416.13,0.16,631449.1,78.53,True,0,,7.02,ATH
05-02-2024 16:00,PEKGY,35.12,37.02,34.9,36.9,2691779.0,0.12,1.78,0.29,522.38,1.78,655768.8,310.48,True,0,,33.8,ATH
05-02-2024 15:00,KRTEK,35.0,36.5,35.0,36.44,382462.0,0.06,1.44,0.25,476.0,1.44,123177.6,210.5,True,0,,33.98,36.58
05-02-2024 15:00,SEGYO,7.7,7.89,7.68,7.84,5442137.0,0.05,0.14,0.0,6900.0,0.14,2195090.5,147.92,True,0,,7.71,7.98
05-02-2024 14:00,SMART,38.3,39.96,38.14,39.84,1717012.0,0.12,1.54,0.25,526.02,1.54,646197.0,165.71,True,0,,36.08,40.0
05-02-2024 13:00,BORLS,41.56,43.32,41.42,42.84,2333680.0,0.48,1.28,0.15,764.86,1.28,702016.1,232.43,True,0,,40.5,ATH
05-02-2024 13:00,ZRGYO,6.98,7.13,6.93,7.09,1543811.0,0.04,0.11,0.02,587.5,0.11,679671.6,127.14,True,1,7.13,6.78,7.13
05-02-2024 12:00,ANHYT,43.18,44.14,43.18,44.08,279192.0,0.06,0.9,0.08,1084.21,0.9,87450.2,219.26,True,0,,42.46,ATH
05-02-2024 12:00,ANELE,13.68,14.2,13.67,14.16,620210.0,0.04,0.48,0.03,1448.39,0.48,215594.2,187.67,True,0,,13.44,ATH
05-02-2024 12:00,GEDZA,22.7,23.14,22.62,23.12,197470.0,0.02,0.42,0.01,2900.0,0.42,118215.9,67.04,True,0,,22.42,23.36
05-02-2024 12:00,NIBAS,19.09,19.3,19.02,19.3,397207.0,0.0,0.21,0.04,500.0,0.21,167094.6,137.71,True,0,,18.62,19.35
05-02-2024 12:00,DZGYO,5.84,6.12,5.82,6.12,3495231.0,0.0,0.28,0.02,1172.73,0.28,772286.9,352.58,True,0,,4.8,ATH
05-02-2024 12:00,CONSE,6.63,6.8,6.59,6.77,3040575.0,0.03,0.14,0.04,241.46,0.14,1475338.7,106.09,True,0,,5.99,ATH
05-02-2024 12:00,ISYAT,10.36,10.48,10.35,10.48,409508.0,0.0,0.12,0.02,605.88,0.12,230250.2,77.85,True,0,,10.28,ATH
05-02-2024 11:00,VAKFN,5.72,5.91,5.72,5.89,4097131.0,0.02,0.17,0.01,1033.33,0.17,2204541.0,85.85,True,0,,5.63,6.0
05-02-2024 11:00,BEGYO,5.25,5.42,5.24,5.39,11591533.0,0.03,0.14,0.03,324.24,0.14,3952058.1,193.3,True,1,5.42,4.98,5.42
05-02-2024 11:00,MRGYO,6.08,6.33,6.04,6.27,5311029.0,0.06,0.19,0.03,458.82,0.19,2190709.2,142.43,True,1,6.33,5.9,6.33
05-02-2024 11:00,ALFAS,101.7,105.5,101.6,105.5,2054317.0,0.0,3.8,0.38,900.0,3.8,1119002.3,83.58,True,0,,97.7,ATH
05-02-2024 11:00,AVPGY,51.7,53.7,51.5,53.35,5439878.0,0.35,1.65,0.15,1000.0,1.65,1683726.3,223.09,True,0,,51.2,56.8
05-02-2024 11:00,GRTRK,59.1,61.85,57.8,61.4,533192.0,0.45,2.3,0.11,1990.91,2.3,166200.7,220.81,True,2,57.8,57.8,66.15
05-02-2024 10:00,ISMEN,35.04,35.6,34.84,35.56,2361808.0,0.04,0.52,0.02,3150.0,0.52,934659.5,152.69,True,0,,34.72,ATH
05-02-2024 10:00,EKOS,61.55,65.5,60.55,65.15,9223671.0,0.35,3.6,0.31,1061.29,3.6,3926204.4,134.93,True,2,60.55,60.55,ATH
05-02-2024 10:00,LIDFA,9.01,9.45,8.95,9.41,5265493.0,0.04,0.4,0.09,339.56,0.4,1628054.0,223.42,True,0,,8.26,ATH
05-02-2024 10:00,DOAS,280.0,288.5,278.75,288.0,1046313.0,0.5,8.0,0.6,1233.33,8.0,255301.3,309.83,True,0,,274.0,ATH
05-02-2024 10:00,YGYO,5.32,5.81,5.17,5.77,5038572.0,0.04,0.45,0.06,662.71,0.45,1372089.4,267.22,True,0,,4.37,ATH
05-02-2024 10:00,KBORU,122.4,134.6,122.3,134.6,1976638.0,0.0,12.2,1.22,900.0,12.2,341813.9,478.28,True,3,,122.4,136.0
05-02-2024 10:00,ENKAI,38.9,39.5,38.54,39.4,7934142.0,0.1,0.5,0.11,362.96,0.5,3282604.9,141.7,True,0,,38.28,39.68
05-02-2024 10:00,KFEIN,112.0,123.2,109.6,123.0,2144611.0,0.2,11.0,1.13,873.45,11.0,282520.3,659.1,True,3,,86.0,ATH
05-02-2024 10:00,VERTU,45.48,49.44,45.4,48.9,821452.0,0.54,3.42,0.35,888.44,3.42,151233.0,443.17,True,0,,44.36,ATH
05-02-2024 10:00,KZBGY,23.5,24.66,23.5,24.38,1786682.0,0.28,0.88,0.1,780.0,0.88,690772.3,158.65,True,0,,23.24,ATH
05-02-2024 10:00,ASELS,51.2,52.1,51.15,51.9,15873361.0,0.2,0.7,0.02,3400.0,0.7,4845668.6,227.58,True,0,,50.9,52.05
05-02-2024 10:00,KRGYO,39.0,41.34,38.76,40.7,919514.0,0.64,1.7,0.39,333.67,1.7,360744.2,154.89,True,0,,36.02,ATH
05-02-2024 10:00,SAYAS,96.45,103.0,96.0,102.3,1557791.0,0.7,5.85,0.54,983.33,5.85,320394.3,386.21,True,0,,93.0,ATH
05-02-2024 10:00,MIATK,45.22,49.0,45.08,48.96,13795725.0,0.04,3.74,0.43,769.77,3.74,4960623.8,178.1,True,0,,43.74,ATH
05-02-2024 10:00,ULKER,96.9,98.25,95.85,98.0,1890311.0,0.25,1.1,0.22,400.0,1.1,762810.0,147.81,True,0,,90.25,ATH
05-02-2024 10:00,ORGE,72.9,75.5,72.15,74.85,734798.0,0.65,1.95,0.29,561.02,1.95,237311.4,209.63,True,1,75.5,70.8,75.5
05-02-2024 10:00,BIOEN,19.86,20.5,19.78,20.34,2744079.0,0.16,0.48,0.02,2185.71,0.48,763761.5,259.28,True,0,,19.66,ATH
05-02-2024 10:00,METRO,2.53,2.57,2.52,2.57,3284383.0,0.0,0.04,0.0,1900.0,0.04,1300800.0,152.49,True,0,,2.5,2.59
05-02-2024 10:00,BINHO,569.0,610.0,569.0,607.5,1706934.0,2.5,38.5,2.7,1325.93,38.5,431375.4,295.7,True,0,,556.5,ATH
02-02-2024 17:00,YYAPI,3.73,4.01,3.71,3.98,23607916.0,0.03,0.25,0.0,24900.0,0.25,6454461.0,265.76,True,0,,3.67,ATH
02-02-2024 17:00,BYDNR,34.28,36.2,34.0,35.9,748150.0,0.3,1.62,0.16,938.46,1.62,355820.3,110.26,True,2,34.0,34.0,37.68
02-02-2024 17:00,SOKM,64.3,65.3,64.3,65.15,1559938.0,0.15,0.85,0.08,1033.33,0.85,840096.7,85.69,True,0,,62.8,65.2
02-02-2024 17:00,PASEU,63.9,67.65,63.9,67.35,1243315.0,0.3,3.45,0.34,900.0,3.45,309118.6,302.21,True,0,,62.4,ATH
02-02-2024 14:00,HUBVC,11.31,12.2,11.31,12.04,2502455.0,0.16,0.73,0.08,801.23,0.73,909542.7,175.13,True,0,,9.42,ATH
02-02-2024 14:00,MZHLD,9.17,9.43,9.15,9.37,968693.0,0.06,0.2,0.0,6566.67,0.2,303549.2,219.12,True,0,,9.13,9.53
02-02-2024 12:00,ANGEN,13.89,14.18,13.85,14.1,1107808.0,0.08,0.21,0.02,813.04,0.21,473817.7,133.8,True,0,,13.7,ATH
02-02-2024 12:00,YATAS,33.24,34.22,33.2,34.0,632971.0,0.22,0.76,0.05,1483.33,0.76,374568.5,68.99,True,1,34.22,33.0,34.22
02-02-2024 10:00,GLYHO,11.42,11.6,11.35,11.55,8972875.0,0.05,0.13,0.01,1525.0,0.13,1808686.7,396.1,True,0,,11.33,11.7
02-02-2024 10:00,AKYHO,4.59,4.78,4.58,4.74,4549496.0,0.04,0.15,0.02,782.35,0.15,1218358.2,273.41,True,1,4.78,4.46,4.78
02-02-2024 10:00,ENSRI,40.5,41.72,40.46,41.62,1040311.0,0.1,1.12,0.16,591.36,1.12,395800.6,162.84,True,0,,38.84,ATH
02-02-2024 10:00,ZOREN,4.74,4.83,4.74,4.83,71845303.0,0.0,0.09,0.01,900.0,0.09,17937510.9,300.53,True,0,,4.56,ATH
02-02-2024 10:00,AKBNK,40.02,40.42,39.92,40.38,31935071.0,0.04,0.36,0.04,900.0,0.36,11474336.7,178.32,True,0,,39.26,40.62
02-02-2024 10:00,SARKY,32.64,34.76,32.54,34.22,1815458.0,0.54,1.58,0.23,575.21,1.58,351595.1,416.35,True,1,34.76,29.44,34.76
02-02-2024 10:00,VBTYZ,138.8,147.7,138.8,145.9,840861.0,1.8,7.1,0.59,1103.39,7.1,199880.6,320.68,True,0,,125.1,ATH
02-02-2024 10:00,YKBNK,22.38,22.76,22.32,22.7,57544864.0,0.06,0.32,0.07,344.44,0.32,25761950.6,123.37,True,0,,21.46,ATH
01-02-2024 17:00,SANKO,22.16,23.08,22.02,23.04,547631.0,0.04,0.88,0.13,598.41,0.88,141911.7,285.9,True,0,,20.66,ATH
01-02-2024 17:00,DAPGM,30.84,31.86,30.78,31.82,4632122.0,0.04,0.98,0.26,279.84,0.98,2082716.3,122.41,True,0,,26.34,ATH
01-02-2024 17:00,FLAP,11.49,11.9,11.48,11.9,5384480.0,0.0,0.41,0.09,365.91,0.41,2172383.7,147.86,True,0,,10.49,ATH
01-02-2024 17:00,BVSAN,101.6,104.2,101.0,104.2,214541.0,0.0,2.6,0.37,602.7,2.6,125399.8,71.09,True,0,,97.6,105.5
01-02-2024 16:00,ATAKP,57.15,58.4,56.8,58.1,323109.0,0.3,0.95,0.13,630.77,0.95,179292.9,80.21,True,0,,54.7,ATH
01-02-2024 14:00,MNDTR,15.94,16.22,15.94,16.19,600983.0,0.03,0.25,0.05,362.96,0.25,181285.4,231.51,True,0,,15.39,ATH
01-02-2024 13:00,YUNSA,79.85,80.6,79.75,80.55,142123.0,0.05,0.7,0.08,833.33,0.7,87060.2,63.25,True,0,,77.55,ATH
01-02-2024 12:00,ASGYO,16.34,16.67,16.32,16.58,4463521.0,0.09,0.24,0.02,1163.16,0.24,1660766.2,168.76,True,0,,16.0,16.63
01-02-2024 11:00,MEKAG,79.3,83.2,79.2,82.7,1374204.0,0.5,3.4,0.4,750.0,3.4,342189.0,301.59,True,0,,77.5,85.15
01-02-2024 10:00,XU100,8519.67,8616.31,8519.67,8614.25,660370515.0,2.06,94.58,15.11,525.86,94.58,267356765.8,147.0,True,0,,8438.83,ATH
01-02-2024 10:00,TTKOM,32.74,34.8,32.7,34.68,24835815.0,0.12,1.94,0.2,879.8,1.94,4139967.1,499.9,True,0,,32.48,ATH
01-02-2024 10:00,ETILR,15.16,15.48,15.16,15.44,289297.0,0.04,0.28,0.06,400.0,0.28,138500.5,108.88,True,0,,14.8,15.75
01-02-2024 10:00,PRKAB,39.6,40.64,38.82,40.64,852831.0,0.0,1.04,0.1,900.0,1.04,116005.3,635.17,True,1,40.64,32.5,ATH
01-02-2024 10:00,DMSAS,8.86,9.09,8.82,9.04,410952.0,0.05,0.18,0.01,2471.43,0.18,228748.2,79.65,True,0,,8.75,9.05
01-02-2024 10:00,DERHL,10.64,11.25,10.62,11.14,650821.0,0.11,0.5,0.04,1251.35,0.5,220865.3,194.67,True,2,10.62,10.62,11.54
01-02-2024 10:00,TCELL,68.65,69.9,68.35,69.7,11642084.0,0.2,1.05,0.12,775.0,1.05,3320047.0,250.66,True,0,,67.8,71.0
01-02-2024 10:00,MARBL,18.5,19.4,18.43,19.32,3362444.0,0.08,0.82,0.1,754.17,0.82,923490.1,264.1,True,0,,18.23,ATH
01-02-2024 10:00,DOHOL,13.24,13.45,13.21,13.45,7088602.0,0.0,0.21,0.04,438.46,0.21,2852566.4,148.5,True,0,,13.03,13.47
01-02-2024 10:00,CATES,77.45,87.1,76.65,87.1,11108478.0,0.0,9.65,0.53,1703.74,9.65,3075870.1,261.15,True,2,76.65,76.65,94.75
31-01-2024 17:00,METUR,7.84,8.18,7.81,8.11,1286844.0,0.07,0.27,0.03,980.0,0.27,482094.3,166.93,True,0,,7.7,ATH
31-01-2024 15:00,KORDS,82.9,83.7,82.6,83.65,220372.0,0.05,0.75,0.17,354.55,0.75,108338.5,103.41,True,0,,81.65,ATH
31-01-2024 15:00,FRIGO,7.67,7.9,7.67,7.86,1908033.0,0.04,0.19,0.03,442.86,0.19,534139.9,257.22,True,0,,7.29,ATH
31-01-2024 13:00,SELGD,39.66,41.98,39.66,41.5,319207.0,0.48,1.84,0.16,1079.49,1.84,155484.6,105.3,True,1,41.98,35.84,41.98
31-01-2024 12:00,KARSN,9.51,9.65,9.5,9.64,3349071.0,0.01,0.13,0.03,364.29,0.13,1697174.5,97.33,True,0,,9.29,ATH
31-01-2024 11:00,MAGEN,12.5,12.93,12.5,12.82,951062.0,0.11,0.32,0.0,10566.67,0.32,434440.4,118.92,True,2,12.5,12.5,12.83
31-01-2024 10:00,BLCYT,16.14,16.38,16.11,16.37,233686.0,0.01,0.23,0.04,475.0,0.23,106351.1,119.73,True,0,,15.97,ATH
31-01-2024 10:00,BARMA,19.61,20.48,19.61,20.32,1802808.0,0.16,0.71,0.13,429.85,0.71,547751.6,229.13,True,0,,18.85,ATH
31-01-2024 10:00,VRGYO,35.5,39.38,35.0,39.38,4057719.0,0.0,3.88,0.46,736.21,3.88,764080.0,431.06,True,3,,32.0,ATH
30-01-2024 16:00,PCILT,13.2,13.57,13.17,13.49,1544600.0,0.08,0.29,0.02,1108.33,0.29,446016.6,246.31,True,1,13.57,13.05,13.57
30-01-2024 14:00,ISGSY,25.44,26.16,25.44,26.06,438147.0,0.1,0.62,0.03,2114.29,0.62,148647.6,194.76,True,0,,25.22,ATH
30-01-2024 13:00,PNLSN,73.45,76.0,73.2,76.0,542129.0,0.0,2.55,0.55,367.89,2.55,243810.5,122.36,True,0,,68.65,ATH
30-01-2024 11:00,ENJSA,53.2,54.25,53.1,54.05,2024169.0,0.2,0.85,0.05,1445.45,0.85,1185320.5,70.77,True,0,,52.75,ATH
30-01-2024 10:00,DOGUB,21.6,22.72,20.86,22.52,1736500.0,0.2,0.92,0.0,22900.0,0.92,459629.7,277.8,True,2,20.86,20.86,ATH
30-01-2024 10:00,ORCAY,15.75,16.61,15.7,16.43,14472880.0,0.18,0.68,0.22,211.93,0.68,4892963.0,195.79,True,0,,ATL,ATH
29-01-2024 15:00,KTLEV,98.35,100.5,98.3,100.3,265360.0,0.2,1.95,0.43,353.49,1.95,116087.4,128.59,True,0,,ATL,ATH
29-01-2024 14:00,ENERY,139.8,144.4,139.7,144.0,379761.0,0.4,4.2,0.64,556.25,4.2,165736.4,129.14,True,1,144.4,ATL,144.4
29-01-2024 14:00,CUSAN,21.36,21.76,21.28,21.76,267242.0,0.0,0.4,0.0,19900.0,0.4,137593.4,94.23,True,0,,ATL,ATH
24-01-2024 10:00,YAYLA,12.69,13.9,12.68,13.8,2901953.0,0.1,1.11,0.13,740.91,1.11,564748.5,413.85,True,0,,ATL,ATH
22-01-2024 10:00,ERSU,19.99,20.96,19.99,20.7,1006671.0,0.26,0.71,0.1,631.96,0.71,258463.2,289.48,True,1,20.96,ATL,20.96
18-01-2024 10:00,BAYRK,33.32,34.7,33.32,34.68,658684.0,0.02,1.36,0.18,655.56,1.36,293539.4,124.39,True,0,,ATL,ATH
