Tarih,Hisse,open,high,low,close,volume,YuksekKapanis_Fark,AcilisKapanis_Fark,AcilisKapanisFark_Ort,AcilisKapanisFark_OrtalamayaGoreDegisim,AcilisKapanisFarkOrt_MaxSon10,HacimOrtalama,%Hacim_HacimOrtalama,Kosul,isPivot,pointpos,destek,direnc
05-06-2024 17:00,ANHYT,108.8,116.3,108.3,116.1,1125789.0,0.2,7.3,0.81,801.23,7.3,451911.1,149.12,True,0,,80.55,ATH
05-06-2024 17:00,KFEIN,114.7,118.0,114.5,117.3,214294.0,0.7,2.6,0.02,12900.0,2.6,112832.3,89.92,True,0,,112.2,121.9
05-06-2024 17:00,KRONT,20.5,21.04,20.5,20.94,186367.0,0.1,0.44,0.04,1122.22,0.44,65472.2,184.65,True,0,,20.3,21.3
05-06-2024 17:00,REEDR,36.64,38.38,36.5,38.38,13332929.0,0.0,1.74,0.2,778.79,1.74,4716235.8,182.7,True,0,,34.88,39.2
05-06-2024 17:00,TRCAS,28.24,29.32,28.2,29.2,763212.0,0.12,0.96,0.07,1197.3,0.96,281729.5,170.9,True,0,,27.7,30.9
05-06-2024 17:00,GSDDE,10.4,10.59,10.4,10.59,409681.0,0.0,0.19,0.02,804.76,0.19,229578.8,78.45,True,0,,10.33,10.9
05-06-2024 17:00,THYAO,308.5,313.0,307.25,313.0,16257918.0,0.0,4.5,0.75,500.0,4.5,4369619.3,272.07,True,0,,302.75,314.0
05-06-2024 17:00,DAGI,8.75,9.09,8.69,9.0,834758.0,0.09,0.25,0.0,4900.0,0.25,306008.6,172.79,True,0,,8.52,9.43
05-06-2024 17:00,DAPGM,34.44,37.6,34.04,37.08,8607817.0,0.52,2.64,0.24,1000.0,2.64,1328479.9,547.94,True,0,,33.46,ATH
05-06-2024 16:00,FROTO,1039.0,1065.0,1039.0,1064.0,309589.0,1.0,25.0,3.3,657.58,25.0,172693.2,79.27,True,0,,1012.0,1098.0
05-06-2024 16:00,TCELL,99.15,101.6,99.0,101.3,8524179.0,0.3,2.15,0.02,10650.0,2.15,4109353.4,107.43,True,0,,96.6,107.1
05-06-2024 16:00,SILVR,19.58,20.24,19.55,20.2,262907.0,0.04,0.62,0.02,3775.0,0.62,124275.8,111.55,True,0,,19.82,21.92
05-06-2024 16:00,ENKAI,40.84,41.36,40.6,41.34,3645926.0,0.02,0.5,0.04,1215.79,0.5,1619412.1,125.14,True,0,,40.26,42.26
05-06-2024 16:00,TOASO,302.0,307.0,299.5,306.5,549329.0,0.5,4.5,0.5,800.0,4.5,362095.6,51.71,True,0,,294.5,326.0
05-06-2024 16:00,LOGO,87.35,89.05,87.2,89.0,149363.0,0.05,1.65,0.11,1400.0,1.65,54120.0,175.98,True,0,,86.55,90.9
05-06-2024 15:00,MHRGY,4.58,4.84,4.57,4.83,2228772.0,0.01,0.25,0.02,1288.89,0.25,906931.2,145.75,True,0,,4.6,4.99
05-06-2024 14:00,EYGYO,10.4,10.85,10.33,10.85,1680458.0,0.0,0.45,0.02,1775.0,0.45,390560.1,330.27,True,0,,10.22,ATH
05-06-2024 14:00,KTSKR,72.1,75.4,72.05,75.0,221978.0,0.4,2.9,0.14,1900.0,2.9,70297.3,215.77,True,0,,71.0,77.2
05-06-2024 14:00,SELEC,48.02,49.58,48.02,49.48,489348.0,0.1,1.46,0.05,2941.67,1.46,163428.0,199.43,True,0,,47.52,49.64
05-06-2024 13:00,PENTA,16.03,16.56,16.03,16.44,1202945.0,0.12,0.41,0.02,2177.78,0.41,375410.9,220.43,True,0,,15.8,ATH
05-06-2024 13:00,BERA,17.33,18.25,17.32,18.15,7406841.0,0.1,0.82,0.04,1950.0,0.82,2377119.3,211.59,True,0,,16.82,18.48
05-06-2024 13:00,ADGYO,25.66,27.26,25.66,27.12,892073.0,0.14,1.46,0.02,8011.11,1.46,315414.7,182.83,True,0,,25.98,27.8
05-06-2024 13:00,RNPOL,32.2,33.06,32.16,33.04,454628.0,0.02,0.84,0.05,1515.38,0.84,124800.1,264.28,True,0,,31.6,33.48
05-06-2024 11:00,DYOBY,48.9,53.5,48.84,52.35,417942.0,1.15,3.45,0.16,2003.66,3.45,94236.5,343.5,True,0,,49.78,58.45
05-06-2024 11:00,OYLUM,13.19,13.6,13.11,13.55,771656.0,0.05,0.36,0.01,2900.0,0.36,297994.2,158.95,True,0,,13.08,14.39
05-06-2024 11:00,GRSEL,140.3,145.4,140.2,144.8,382781.0,0.6,4.5,0.17,2547.06,4.5,192743.3,98.6,True,0,,130.2,ATH
05-06-2024 11:00,GENTS,8.19,8.43,8.14,8.39,389060.0,0.04,0.2,0.03,669.23,0.2,161376.9,141.09,True,0,,8.1,9.05
05-06-2024 10:00,MAKIM,29.44,31.4,29.04,30.86,628288.0,0.54,1.42,0.36,294.44,1.42,325459.5,93.05,True,1,31.4,26.36,31.4
05-06-2024 10:00,BIMAS,492.0,502.0,489.25,500.5,1067978.0,1.5,8.5,1.45,486.21,8.5,556192.9,92.02,True,0,,475.0,ATH
05-06-2024 10:00,BORLS,34.4,34.78,34.1,34.74,648013.0,0.04,0.34,0.07,359.46,0.34,298118.9,117.37,True,0,,31.88,ATH
05-06-2024 10:00,CEMTS,11.0,11.27,10.45,11.26,9501880.0,0.01,0.26,0.07,293.94,0.26,1981275.7,379.58,True,0,,9.81,11.43
05-06-2024 10:00,AKENR,17.7,18.33,17.65,18.33,2732461.0,0.0,0.63,0.06,900.0,0.63,511310.3,434.4,True,0,,14.82,20.7
05-06-2024 10:00,IHEVA,3.34,3.62,3.25,3.58,13742985.0,0.04,0.24,0.01,4700.0,0.24,2956807.8,364.79,True,1,3.62,3.42,3.62
05-06-2024 10:00,ISKPL,10.47,10.67,10.34,10.65,1136265.0,0.02,0.18,0.05,227.27,0.18,611433.8,85.84,True,0,,9.44,ATH
05-06-2024 10:00,TEKTU,4.59,5.09,4.55,5.09,21066668.0,0.0,0.5,0.08,495.24,0.5,4347439.8,384.58,True,1,5.09,4.18,ATH
04-06-2024 17:00,KRGYO,25.64,26.4,25.64,26.22,981458.0,0.18,0.58,0.06,806.25,0.58,294103.4,233.71,True,0,,25.02,26.58
04-06-2024 17:00,TATGD,25.28,25.56,25.26,25.5,295451.0,0.06,0.22,0.08,189.47,0.22,109834.1,169.0,True,0,,24.52,27.7
04-06-2024 16:00,OBAMS,36.1,37.08,36.04,37.04,1106792.0,0.04,0.94,0.18,410.87,0.94,482552.7,129.36,True,0,,35.2,37.3
04-06-2024 16:00,PETKM,21.2,21.66,21.2,21.54,28356864.0,0.12,0.34,0.04,844.44,0.34,7408016.5,282.79,True,1,21.66,20.08,21.66
04-06-2024 16:00,KMPUR,58.4,59.7,58.25,59.6,720982.0,0.1,1.2,0.19,515.38,1.2,169403.9,325.6,True,0,,57.25,63.45
04-06-2024 16:00,BOBET,29.62,30.08,29.6,30.02,650928.0,0.06,0.4,0.13,203.03,0.4,366999.5,77.36,True,0,,28.46,32.26
04-06-2024 16:00,HLGYO,3.04,3.08,3.03,3.07,7637117.0,0.01,0.03,0.01,275.0,0.03,3951110.5,93.29,True,1,3.08,2.96,3.08
04-06-2024 16:00,BJKAS,38.66,39.88,38.64,39.6,8763748.0,0.28,0.94,0.29,228.67,0.94,3412678.0,156.8,True,0,,36.5,43.6
04-06-2024 16:00,KLGYO,5.5,5.7,5.49,5.65,3348063.0,0.05,0.15,0.02,525.0,0.15,1013034.2,230.5,True,1,5.7,5.42,5.7
04-06-2024 16:00,MZHLD,8.0,8.08,8.0,8.07,171540.0,0.01,0.07,0.01,677.78,0.07,101061.7,69.74,True,0,,7.8,8.1
04-06-2024 16:00,TTKOM,47.2,48.86,47.12,48.6,6227510.0,0.26,1.4,0.22,548.15,1.4,2771079.4,124.73,True,0,,45.08,ATH
04-06-2024 16:00,METRO,2.7,2.76,2.7,2.75,2011582.0,0.01,0.05,0.0,1566.67,0.05,1272592.3,58.07,True,0,,2.69,2.94
04-06-2024 16:00,VKGYO,2.22,2.26,2.22,2.25,8264642.0,0.01,0.03,0.0,2900.0,0.03,4961749.1,66.57,True,1,2.26,2.18,2.26
04-06-2024 16:00,AYDEM,35.06,35.7,34.94,35.58,599934.0,0.12,0.52,0.17,205.88,0.52,203941.3,194.17,True,1,35.7,33.14,35.7
04-06-2024 15:00,MANAS,10.7,10.97,10.68,10.95,884846.0,0.02,0.25,0.06,338.6,0.25,446232.3,98.29,True,0,,9.65,ATH
04-06-2024 15:00,GLRYH,11.25,11.65,11.22,11.59,617228.0,0.06,0.34,0.04,655.56,0.34,201031.2,207.03,True,0,,11.0,11.78
04-06-2024 15:00,AFYON,13.0,13.13,12.96,13.12,630022.0,0.01,0.12,0.01,1900.0,0.12,340275.4,85.15,True,0,,12.85,13.8
04-06-2024 15:00,PINSU,27.12,28.06,27.0,27.96,238395.0,0.1,0.84,0.12,588.52,0.84,98110.8,142.99,True,1,28.06,25.0,28.06
04-06-2024 15:00,GARFA,27.08,27.7,27.04,27.7,226468.0,0.0,0.62,0.18,240.66,0.62,122189.4,85.34,True,0,,25.3,27.8
04-06-2024 15:00,MARTI,3.83,3.9,3.82,3.89,1826412.0,0.01,0.06,0.01,328.57,0.06,1034319.4,76.58,True,1,3.9,3.62,3.9
04-06-2024 15:00,GSDHO,4.22,4.26,4.21,4.26,3056593.0,0.0,0.04,0.01,471.43,0.04,1579838.7,93.48,True,0,,4.09,4.27
04-06-2024 14:00,SEYKM,8.59,8.89,8.39,8.84,3374628.0,0.05,0.25,0.04,594.44,0.25,811150.1,316.03,True,0,,8.24,8.86
04-06-2024 13:00,ALTIN,23.81,24.07,23.8,24.03,7507706.0,0.04,0.22,0.02,1194.12,0.22,2086243.5,259.87,True,0,,23.78,24.25
04-06-2024 13:00,MNDRS,14.39,14.78,14.34,14.77,917880.0,0.01,0.38,0.05,645.1,0.38,369273.0,148.56,True,0,,13.83,14.85
04-06-2024 12:00,CEMAS,3.86,4.05,3.85,4.04,18681687.0,0.01,0.18,0.03,480.65,0.18,5339410.6,249.88,True,0,,3.7,4.11
04-06-2024 12:00,IEYHO,4.92,4.95,4.91,4.95,2747853.0,0.0,0.03,0.0,650.0,0.03,783730.2,250.61,True,0,,4.65,4.98
04-06-2024 12:00,ENTRA,10.46,10.66,10.46,10.64,7104116.0,0.02,0.18,0.05,239.62,0.18,3181056.5,123.33,True,0,,10.06,11.05
04-06-2024 12:00,KORDS,93.1,94.9,93.1,94.85,213419.0,0.05,1.75,0.27,536.36,1.75,81081.0,163.22,True,1,94.9,89.6,94.9
04-06-2024 12:00,AYEN,30.22,30.96,30.22,30.8,219018.0,0.16,0.58,0.1,504.17,0.58,124544.6,75.86,True,0,,29.44,31.68
04-06-2024 12:00,IZMDC,6.58,6.68,6.56,6.66,1918081.0,0.02,0.08,0.01,627.27,0.08,1013829.3,89.19,True,0,,6.43,6.72
04-06-2024 12:00,YESIL,4.69,4.82,4.67,4.79,819271.0,0.03,0.1,0.0,1900.0,0.1,431387.7,89.92,True,0,,4.58,5.28
04-06-2024 11:00,SASA,45.98,47.1,45.94,46.86,9588066.0,0.24,0.88,0.29,207.69,0.88,4408318.0,117.5,True,1,47.1,43.64,47.1
04-06-2024 11:00,MNDTR,6.35,6.44,6.35,6.42,544886.0,0.02,0.07,0.0,2233.33,0.07,293557.0,85.62,True,0,,6.26,6.57
04-06-2024 11:00,BARMA,18.48,19.0,18.35,18.97,407231.0,0.03,0.49,0.06,730.51,0.49,193143.2,110.84,True,0,,18.02,19.23
04-06-2024 11:00,PENGD,7.61,8.07,7.55,7.95,2897861.0,0.12,0.34,0.04,690.7,0.34,564499.1,413.35,True,0,,7.51,8.0
04-06-2024 11:00,MEGAP,8.64,9.03,8.5,9.03,1678406.0,0.0,0.39,0.01,3150.0,0.39,741807.4,126.26,True,2,8.5,8.5,10.48
04-06-2024 11:00,AKSUE,13.16,13.31,13.09,13.3,242056.0,0.01,0.14,0.04,258.97,0.14,69952.9,246.03,True,0,,12.81,ATH
04-06-2024 11:00,IPEKE,39.06,40.0,38.9,39.74,1197298.0,0.26,0.68,0.1,553.85,0.68,373319.7,220.72,True,1,40.0,38.1,40.0
04-06-2024 11:00,VRGYO,25.1,26.66,25.04,26.58,1263937.0,0.08,1.48,0.14,972.46,1.48,367712.5,243.73,True,0,,24.54,27.08
04-06-2024 11:00,LIDER,65.85,68.65,65.4,68.0,716550.0,0.65,2.15,0.08,2766.67,2.15,136670.9,424.29,True,2,65.4,65.4,73.15
04-06-2024 11:00,GENIL,60.45,62.0,60.3,62.0,258229.0,0.0,1.55,0.03,5066.67,1.55,104991.8,145.95,True,0,,59.65,ATH
04-06-2024 11:00,AKSA,119.7,124.3,119.3,123.7,865237.0,0.6,4.0,0.5,700.0,4.0,179661.5,381.59,True,0,,117.1,123.8
04-06-2024 10:00,YKSLN,21.22,22.1,21.22,22.08,301435.0,0.02,0.86,0.05,1769.57,0.86,99422.4,203.19,True,0,,21.16,22.54
04-06-2024 10:00,AKGRT,7.96,8.15,7.95,8.14,7476308.0,0.01,0.18,0.05,246.15,0.18,3582521.2,108.69,True,0,,7.41,ATH
04-06-2024 10:00,ZOREN,5.54,5.67,5.53,5.64,39198976.0,0.03,0.1,0.01,733.33,0.1,17881116.1,119.22,True,0,,5.49,5.81
04-06-2024 10:00,SANKO,28.38,29.62,28.34,29.34,465644.0,0.28,0.96,0.09,990.91,0.96,126774.0,267.3,True,1,29.62,27.14,29.62
04-06-2024 10:00,ISDMR,38.3,39.3,38.3,39.2,1738637.0,0.1,0.9,0.16,455.56,0.9,467832.1,271.64,True,0,,37.1,40.04
04-06-2024 10:00,ORGE,63.0,64.4,63.0,64.2,182387.0,0.2,1.2,0.15,700.0,1.2,83976.3,117.19,True,0,,62.45,65.0
04-06-2024 10:00,GSRAY,8.21,9.03,8.17,8.84,63710726.0,0.19,0.63,0.05,1135.29,0.63,9507499.2,570.11,True,1,9.03,7.9,9.03
04-06-2024 10:00,GUBRF,154.8,157.6,154.0,156.9,1551340.0,0.7,2.1,0.42,400.0,2.1,454967.4,240.98,True,0,,150.4,166.4
04-06-2024 10:00,RTALB,11.31,11.49,11.27,11.49,351535.0,0.0,0.18,0.02,958.82,0.18,140258.5,150.63,True,0,,11.14,11.82
04-06-2024 10:00,IHLGM,1.55,1.56,1.53,1.56,7141979.0,0.0,0.01,0.0,400.0,0.01,2565099.5,178.43,True,2,1.53,1.53,1.8
04-06-2024 10:00,HDFGS,1.92,1.93,1.92,1.93,2455900.0,0.0,0.01,0.0,400.0,0.01,865743.3,183.68,True,0,,1.9,1.97
04-06-2024 10:00,IHGZT,1.26,1.27,1.25,1.27,4144715.0,0.0,0.01,0.0,400.0,0.01,1174717.8,252.83,True,2,1.25,1.25,1.31
04-06-2024 10:00,HRKET,86.85,90.4,85.5,89.7,6776292.0,0.7,2.85,0.46,512.9,2.85,2810434.6,141.11,True,0,,78.85,92.05
04-06-2024 10:00,AKSEN,46.28,47.26,46.26,47.04,1207840.0,0.22,0.76,0.05,1307.41,0.76,556428.7,117.07,True,0,,45.76,49.26
04-06-2024 10:00,EREGL,49.66,50.8,49.58,50.5,54977288.0,0.3,0.84,0.2,311.76,0.84,19716919.7,178.83,True,1,50.8,47.6,50.8
04-06-2024 10:00,ALARK,120.8,123.0,120.4,122.7,2192707.0,0.3,1.9,0.34,458.82,1.9,726479.3,201.83,True,1,123.0,118.2,123.0
04-06-2024 10:00,DOGUB,23.4,24.38,23.36,24.16,342053.0,0.22,0.76,0.16,369.14,0.76,204966.4,66.88,True,0,,21.36,ATH
04-06-2024 10:00,KRSTL,7.86,8.01,7.85,7.97,618547.0,0.04,0.11,0.01,1733.33,0.11,317187.7,95.01,True,0,,7.84,8.07
04-06-2024 10:00,TSPOR,2.12,2.22,2.1,2.2,123902673.0,0.02,0.08,0.0,1900.0,0.08,22457527.5,451.72,True,0,,2.03,2.22
04-06-2024 10:00,BNTAS,11.03,11.68,11.01,11.55,2421709.0,0.13,0.52,0.02,2066.67,0.52,624678.4,287.67,True,0,,10.91,12.37
04-06-2024 10:00,OZSUB,28.1,30.2,27.68,29.66,829167.0,0.54,1.56,0.31,409.8,1.56,246246.7,236.72,True,0,,26.08,ATH
04-06-2024 10:00,MAGEN,26.7,28.26,26.32,28.24,2737654.0,0.02,1.54,0.22,612.96,1.54,933869.6,193.15,True,0,,23.32,ATH
04-06-2024 10:00,FENER,142.1,150.4,142.0,150.4,2787923.0,0.0,8.3,0.83,900.0,8.3,324771.7,758.43,True,1,150.4,112.2,ATH
04-06-2024 10:00,DMSAS,6.65,7.27,6.28,7.27,5189033.0,0.0,0.62,0.04,1412.2,0.62,808133.6,542.1,True,3,,6.69,ATH
04-06-2024 10:00,MAVI,96.45,100.7,96.45,100.2,955844.0,0.5,3.75,0.57,552.17,3.75,310092.9,208.24,True,0,,94.4,101.0
04-06-2024 10:00,DGNMO,14.43,14.97,14.43,14.96,724205.0,0.01,0.53,0.05,939.22,0.53,282699.3,156.18,True,0,,13.15,ATH
04-06-2024 10:00,METUR,17.45,17.94,17.45,17.94,1420717.0,0.0,0.49,0.06,730.51,0.49,662682.8,114.39,True,0,,16.77,ATH
04-06-2024 10:00,YATAS,36.04,36.7,36.0,36.64,365287.0,0.06,0.6,0.03,1775.0,0.6,171202.4,113.37,True,0,,35.38,37.2
04-06-2024 10:00,KERVT,13.72,14.18,13.72,14.12,880073.0,0.06,0.4,0.06,601.75,0.4,213876.4,311.49,True,0,,13.32,14.4
04-06-2024 10:00,PATEK,77.6,85.2,77.05,84.7,3200067.0,0.5,7.1,1.39,410.79,7.1,679752.1,370.77,True,1,85.2,69.0,85.2
04-06-2024 10:00,ALTNY,96.65,104.0,91.85,103.0,4866461.0,1.0,6.35,0.9,601.66,6.35,1623358.2,199.78,True,2,91.85,91.85,ATH
03-06-2024 17:00,KRDMD,29.82,30.5,29.78,30.46,15957500.0,0.04,0.64,0.12,442.37,0.64,7356395.5,116.92,True,0,,28.3,30.64
03-06-2024 17:00,ISMEN,39.08,40.36,39.06,40.32,1611818.0,0.04,1.24,0.14,773.24,1.24,597211.4,169.89,True,0,,38.36,41.56
03-06-2024 17:00,ISYAT,9.91,10.09,9.91,10.08,213443.0,0.01,0.17,0.01,2025.0,0.17,100822.1,111.7,True,0,,9.86,ATH
03-06-2024 17:00,KARSN,12.0,12.15,12.0,12.15,2193069.0,0.0,0.15,0.0,3650.0,0.15,1340466.6,63.6,True,0,,11.94,12.43
03-06-2024 17:00,KUYAS,48.2,51.15,48.2,51.0,853510.0,0.15,2.8,0.22,1172.73,2.8,206389.4,313.54,True,0,,47.22,ATH
03-06-2024 17:00,MEPET,11.66,12.4,11.54,12.21,1026649.0,0.19,0.55,0.08,562.65,0.55,193298.8,431.12,True,0,,11.25,12.5
03-06-2024 17:00,KRDMB,22.38,22.86,22.3,22.8,464067.0,0.06,0.42,0.06,600.0,0.42,153961.1,201.42,True,0,,21.6,23.62
03-06-2024 17:00,KRDMA,24.42,24.9,24.3,24.82,604503.0,0.08,0.4,0.0,9900.0,0.4,320357.4,88.7,True,2,24.3,24.3,25.1
03-06-2024 17:00,INFO,11.58,11.85,11.58,11.85,260361.0,0.0,0.27,0.02,1400.0,0.27,136891.8,90.19,True,0,,11.2,11.99
03-06-2024 17:00,OZKGY,8.53,8.71,8.51,8.71,1434050.0,0.0,0.18,0.01,2150.0,0.18,450067.2,218.63,True,0,,8.43,8.92
03-06-2024 17:00,KOPOL,38.08,38.7,38.0,38.66,229319.0,0.04,0.58,0.02,2316.67,0.58,93552.5,145.12,True,0,,37.32,42.56
03-06-2024 17:00,PEKGY,7.91,8.44,7.9,8.44,23566332.0,0.0,0.53,0.07,691.04,0.53,4951981.7,375.9,True,0,,7.68,8.45
03-06-2024 17:00,SEGYO,4.54,4.78,4.54,4.78,8186799.0,0.0,0.24,0.04,445.45,0.24,2650300.4,208.9,True,0,,4.28,ATH
03-06-2024 17:00,CATES,46.76,47.42,46.74,47.26,436443.0,0.16,0.5,0.04,1215.79,0.5,188503.8,131.53,True,0,,44.2,48.02
03-06-2024 17:00,TAVHL,247.7,251.5,244.9,251.0,725207.0,0.5,3.3,0.86,285.96,3.3,372395.4,94.74,True,0,,239.0,ATH
03-06-2024 17:00,ULKER,141.3,144.9,141.0,144.6,2315057.0,0.3,3.3,0.77,328.57,3.3,847057.4,173.31,True,0,,134.8,147.7
03-06-2024 17:00,HEDEF,25.32,27.16,25.28,27.14,883249.0,0.02,1.82,0.12,1468.97,1.82,367116.4,140.59,True,2,25.28,25.28,27.46
03-06-2024 17:00,AYGAZ,185.7,187.6,185.1,187.5,86570.0,0.1,1.8,0.01,17900.0,1.8,51999.7,66.48,True,0,,182.0,192.6
03-06-2024 17:00,BMSTL,35.44,40.1,35.06,40.1,835110.0,0.0,4.66,0.33,1320.73,4.66,188789.5,342.35,True,3,,34.86,41.0
03-06-2024 17:00,TSGYO,13.12,13.39,13.01,13.35,1146311.0,0.04,0.23,0.03,751.85,0.23,497145.7,130.58,True,0,,11.5,ATH
03-06-2024 17:00,GOZDE,25.0,26.46,24.96,26.3,1343325.0,0.16,1.3,0.15,766.67,1.3,258722.2,419.22,True,0,,24.4,27.48
03-06-2024 17:00,TKFEN,52.3,53.8,52.2,53.5,873834.0,0.3,1.2,0.09,1233.33,1.2,337100.8,159.22,True,0,,51.85,55.3
03-06-2024 16:00,KZBGY,21.24,21.62,21.22,21.62,472819.0,0.0,0.38,0.06,512.9,0.38,281118.6,68.19,True,0,,20.84,21.92
03-06-2024 16:00,PRZMA,33.64,35.98,33.5,35.9,719152.0,0.08,2.26,0.22,946.3,2.26,204718.2,251.29,True,0,,30.78,43.98
03-06-2024 16:00,ICBCT,15.11,15.32,15.03,15.27,367978.0,0.05,0.16,0.02,540.0,0.16,136332.8,169.91,True,0,,14.64,15.98
03-06-2024 15:00,ISFIN,14.68,15.04,14.68,14.99,1754793.0,0.05,0.31,0.03,868.75,0.31,1095688.3,60.15,True,0,,14.41,16.31
03-06-2024 15:00,ISCTR,16.1,16.44,16.07,16.39,103008628.0,0.05,0.29,0.02,1060.0,0.29,52789629.7,95.13,True,0,,15.69,16.55
03-06-2024 15:00,ASELS,59.5,60.25,59.45,60.1,6840042.0,0.15,0.6,0.06,823.08,0.6,4252305.9,60.85,True,0,,58.35,60.9
03-06-2024 15:00,XBANK,15063.6,15331.31,15036.23,15282.46,179845334.0,48.85,218.86,26.66,720.9,218.86,108996032.5,65.0,True,0,,14732.12,15678.06
03-06-2024 15:00,TSKB,11.04,11.37,11.03,11.35,6658015.0,0.02,0.31,0.03,1048.15,0.31,2363853.3,181.66,True,0,,10.71,11.39
03-06-2024 15:00,BTCIM,133.5,136.1,133.4,136.1,230978.0,0.0,2.6,0.12,2066.67,2.6,147218.7,56.89,True,0,,133.1,136.9
03-06-2024 15:00,KOZAA,49.52,50.0,49.46,50.0,2455646.0,0.0,0.48,0.03,1354.55,0.48,1245600.4,97.15,True,0,,48.7,51.1
03-06-2024 15:00,ANGEN,11.89,12.07,11.86,12.05,367504.0,0.02,0.16,0.0,5233.33,0.16,168225.2,118.46,True,0,,11.82,12.12
03-06-2024 15:00,AKBNK,66.1,67.4,65.95,67.05,14379424.0,0.35,0.95,0.08,1087.5,0.95,8940792.5,60.83,True,1,67.4,63.8,67.4
03-06-2024 15:00,SKBNK,5.09,5.17,5.08,5.16,9151479.0,0.01,0.07,0.0,inf,0.07,5470780.5,67.28,True,0,,5.0,5.24
03-06-2024 14:00,ANSGR,116.1,119.7,116.1,118.9,478338.0,0.8,2.8,0.39,617.95,2.8,210543.9,127.19,True,0,,106.5,ATH
03-06-2024 13:00,TURSG,77.8,80.0,77.8,79.5,1329064.0,0.5,1.7,0.35,392.75,1.7,516670.4,157.24,True,0,,70.15,ATH
03-06-2024 13:00,EUREN,14.76,15.05,14.74,15.0,10116193.0,0.05,0.24,0.0,5900.0,0.24,2097106.1,382.39,True,1,15.05,14.95,15.05
03-06-2024 13:00,POLHO,13.08,13.3,13.07,13.26,742442.0,0.04,0.18,0.01,2900.0,0.18,413259.7,79.66,True,0,,12.98,13.27
03-06-2024 12:00,MOBTL,5.72,5.92,5.72,5.92,3947635.0,0.0,0.2,0.0,4900.0,0.2,1415279.1,178.93,True,0,,5.6,6.11
03-06-2024 11:00,AEFES,204.8,211.0,204.7,209.5,741485.0,1.5,4.7,0.49,859.18,4.7,468194.4,58.37,True,0,,198.9,ATH
03-06-2024 11:00,QUAGR,3.49,3.57,3.48,3.56,9095404.0,0.01,0.07,0.01,677.78,0.07,5794216.3,56.97,True,1,3.57,3.39,3.57
03-06-2024 11:00,CONSE,5.57,5.76,5.56,5.72,1627914.0,0.04,0.15,0.01,1566.67,0.15,598332.4,172.08,True,1,5.76,5.55,5.76
03-06-2024 11:00,MERCN,11.9,12.32,11.83,12.3,874340.0,0.02,0.4,0.04,925.64,0.4,307828.5,184.03,True,0,,11.43,12.9
03-06-2024 11:00,TATEN,28.54,29.0,28.5,28.9,690102.0,0.1,0.36,0.02,1900.0,0.36,265711.2,159.72,True,0,,28.3,29.2
03-06-2024 10:00,YEOTK,185.1,192.2,182.4,192.2,860083.0,0.0,7.1,0.73,872.6,7.1,177697.1,384.02,True,0,,176.0,200.7
03-06-2024 10:00,EUPWR,116.1,118.4,115.2,118.0,693686.0,0.4,1.9,0.0,1.3370061393756189e+17,1.9,210892.0,228.93,True,2,115.2,115.2,123.9
03-06-2024 10:00,LRSHO,4.22,4.33,4.17,4.32,4105440.0,0.01,0.1,0.01,1328.57,0.1,1183295.1,246.95,True,2,4.17,4.17,4.57
03-06-2024 10:00,ISGYO,16.64,17.08,16.45,17.04,1709984.0,0.04,0.4,0.04,809.09,0.4,616543.1,177.35,True,0,,16.18,17.98
03-06-2024 10:00,ONRYT,77.95,79.55,77.75,79.55,861912.0,0.0,1.6,0.16,900.0,1.6,264856.7,225.43,True,1,79.55,59.85,ATH
03-06-2024 10:00,KONTR,211.0,218.1,208.0,217.8,3972035.0,0.3,6.8,0.0,inf,6.8,759706.9,422.84,True,0,,202.4,ATH
03-06-2024 10:00,ETILR,23.28,23.56,22.6,23.5,311557.0,0.06,0.22,0.0,5400.0,0.22,79593.8,291.43,True,2,22.6,22.6,27.88
03-06-2024 10:00,IZFAS,31.4,32.8,31.4,32.7,584933.0,0.1,1.3,0.14,855.88,1.3,335589.3,74.3,True,0,,29.7,ATH
31-05-2024 17:00,SUWEN,29.56,29.9,29.56,29.82,135689.0,0.08,0.26,0.03,664.71,0.26,73917.1,83.57,True,0,,29.02,29.9
31-05-2024 17:00,AGROT,18.02,18.68,17.9,18.56,30306603.0,0.12,0.54,0.14,285.71,0.54,12222358.2,147.96,True,0,,16.65,20.48
31-05-2024 17:00,UNLU,15.22,16.94,15.15,16.94,3486407.0,0.0,1.72,0.14,1094.44,1.72,438818.7,694.5,True,0,,15.04,ATH
31-05-2024 17:00,KCAER,52.7,53.5,52.25,53.45,1285992.0,0.05,0.75,0.27,177.78,0.75,735933.7,74.74,True,0,,50.55,54.15
31-05-2024 17:00,KAREL,14.8,15.08,14.68,15.07,617562.0,0.01,0.27,0.02,1185.71,0.27,256416.8,140.84,True,0,,14.67,15.29
31-05-2024 17:00,SNGYO,4.82,4.91,4.8,4.91,2453650.0,0.0,0.09,0.0,4400.0,0.09,976139.1,151.36,True,0,,4.69,ATH
31-05-2024 16:00,KARYE,37.34,38.1,36.38,37.92,228205.0,0.18,0.58,0.05,974.07,0.58,142403.0,60.25,True,0,,36.84,40.9
31-05-2024 16:00,GLYHO,13.73,13.79,13.71,13.79,1453661.0,0.0,0.06,0.0,1900.0,0.06,607927.5,139.12,True,0,,13.66,13.85
31-05-2024 14:00,BLCYT,20.64,21.4,20.62,21.24,899129.0,0.16,0.6,0.1,488.24,0.6,286699.1,213.61,True,1,21.4,19.99,21.4
31-05-2024 14:00,SAFKR,40.94,43.04,40.86,42.54,539256.0,0.5,1.6,0.2,692.08,1.6,155904.5,245.89,True,0,,38.3,45.0
31-05-2024 14:00,ENSRI,24.96,25.5,24.96,25.5,582878.0,0.0,0.54,0.16,237.5,0.54,275476.0,111.59,True,0,,21.68,ATH
31-05-2024 12:00,KRPLS,8.31,8.42,8.3,8.4,417916.0,0.02,0.09,0.01,800.0,0.09,153428.0,172.39,True,0,,8.1,8.45
31-05-2024 12:00,LMKDC,21.14,21.6,21.1,21.5,946685.0,0.1,0.36,0.05,620.0,0.36,558692.9,69.45,True,1,21.6,20.86,21.6
31-05-2024 12:00,ATLAS,5.61,5.77,5.61,5.74,629015.0,0.03,0.13,0.01,828.57,0.13,215368.8,192.06,True,1,5.77,5.57,5.77
31-05-2024 12:00,HATSN,55.5,56.4,55.45,56.15,257091.0,0.25,0.65,0.14,381.48,0.65,124829.2,105.95,True,0,,54.2,ATH
31-05-2024 12:00,FLAP,8.57,8.67,8.56,8.67,423856.0,0.0,0.1,0.0,9900.0,0.1,271400.0,56.17,True,0,,8.53,9.23
31-05-2024 12:00,TMSN,139.4,144.8,139.4,144.4,497460.0,0.4,5.0,0.57,777.19,5.0,158298.8,214.25,True,0,,135.0,ATH
31-05-2024 12:00,MARBL,14.92,15.21,14.91,15.14,317256.0,0.07,0.22,0.03,746.15,0.22,180180.4,76.08,True,0,,14.57,15.49
31-05-2024 12:00,PLTUR,13.77,13.94,13.75,13.94,191896.0,0.0,0.17,0.0,4150.0,0.17,113893.3,68.49,True,0,,13.65,13.97
31-05-2024 12:00,IHYAY,3.92,4.15,3.92,4.11,2286112.0,0.04,0.19,0.03,630.77,0.19,1022113.0,123.67,True,0,,3.85,4.27
31-05-2024 12:00,MEGMT,35.48,36.3,35.48,36.12,723931.0,0.18,0.64,0.06,932.26,0.64,334398.9,116.49,True,1,36.3,34.96,36.3
31-05-2024 11:00,KNFRT,12.49,12.83,12.49,12.79,360914.0,0.04,0.3,0.01,5900.0,0.3,94467.5,282.05,True,0,,12.18,12.97
31-05-2024 11:00,AVTUR,14.22,14.75,13.92,14.6,633695.0,0.15,0.38,0.07,467.16,0.38,203059.6,212.07,True,0,,14.0,16.56
31-05-2024 11:00,VESBE,22.38,23.14,22.36,23.08,3944431.0,0.06,0.7,0.13,455.56,0.7,827592.1,376.62,True,0,,21.52,ATH
31-05-2024 11:00,ASUZU,96.45,100.3,96.4,99.65,657410.0,0.65,3.2,0.46,595.65,3.2,190115.2,245.8,True,0,,93.0,100.8
31-05-2024 11:00,TABGD,169.0,173.0,167.9,172.7,357599.0,0.3,3.7,0.56,560.71,3.7,190845.0,87.38,True,0,,165.4,180.7
31-05-2024 10:00,SAHOL,99.75,103.0,99.7,102.8,4901417.0,0.2,3.05,0.24,1197.87,3.05,2049861.5,139.11,True,0,,98.8,ATH
31-05-2024 10:00,SMART,37.28,38.14,37.04,38.14,411634.0,0.0,0.86,0.01,8500.0,0.86,137923.3,198.45,True,0,,36.66,40.7
31-05-2024 10:00,XU100,10518.67,10719.26,10518.67,10718.0,689974209.0,1.26,199.33,23.17,760.29,199.33,232503592.6,196.76,True,0,,10413.77,10721.22
31-05-2024 10:00,YKBNK,34.26,35.0,34.06,34.96,84164379.0,0.04,0.7,0.02,4275.0,0.7,18076703.6,365.6,True,0,,34.24,35.4
31-05-2024 10:00,OYAKC,62.75,63.7,62.45,63.7,1326172.0,0.0,0.95,0.15,512.9,0.95,528004.4,151.17,True,0,,61.6,64.35
31-05-2024 10:00,XU030,11584.56,11836.26,11582.95,11834.36,484118217.0,1.9,249.8,29.81,737.95,249.8,150169638.1,222.38,True,0,,11477.86,ATH
31-05-2024 10:00,VAKBN,21.98,22.76,21.96,22.6,11253152.0,0.16,0.62,0.05,1092.31,0.62,3894116.1,188.98,True,0,,21.8,23.34
31-05-2024 10:00,TUPRS,183.3,186.3,183.1,185.6,5782014.0,0.7,2.3,0.02,11400.0,2.3,2051402.8,181.86,True,1,186.3,178.2,186.3
31-05-2024 10:00,A1CAP,27.56,27.88,27.56,27.88,262781.0,0.0,0.32,0.02,1900.0,0.32,90099.2,191.66,True,0,,27.32,28.6
31-05-2024 10:00,KCHOL,249.5,255.75,249.5,255.5,3854315.0,0.25,6.0,0.5,1100.0,6.0,1208553.8,218.92,True,1,255.75,248.5,255.75
31-05-2024 10:00,ASTOR,99.3,101.8,99.25,101.4,3636652.0,0.4,2.1,0.12,1726.09,2.1,1406956.1,158.48,True,1,101.8,98.75,101.8
31-05-2024 10:00,MGROS,475.0,487.0,474.5,486.5,372946.0,0.5,11.5,1.85,521.62,11.5,147997.0,152.0,True,0,,465.0,488.0
31-05-2024 10:00,GARAN,103.0,107.8,102.9,107.7,7486519.0,0.1,4.7,0.64,634.37,4.7,2465790.0,203.62,True,0,,99.0,ATH
31-05-2024 10:00,GEREL,42.0,45.26,41.88,45.08,3118127.0,0.18,3.08,0.38,706.28,3.08,377038.4,727.01,True,0,,40.04,ATH
31-05-2024 10:00,GESAN,60.35,62.45,60.1,62.0,2186295.0,0.45,1.65,0.24,602.13,1.65,394278.7,454.5,True,0,,58.7,64.7
31-05-2024 10:00,HALKB,17.78,18.13,17.72,18.1,19236810.0,0.03,0.32,0.01,2185.71,0.32,6806561.9,182.62,True,0,,17.52,19.07
31-05-2024 10:00,HEKTS,14.97,15.09,14.96,15.08,6386572.0,0.01,0.11,0.01,1275.0,0.11,2222684.8,187.34,True,1,15.09,14.83,15.09
31-05-2024 10:00,ALMAD,6.66,6.9,6.66,6.88,817054.0,0.02,0.22,0.01,1471.43,0.22,383523.4,113.04,True,0,,6.6,ATH
31-05-2024 10:00,EUHOL,3.52,3.63,3.52,3.62,1056005.0,0.01,0.1,0.01,1328.57,0.1,575192.6,83.59,True,0,,3.43,3.95
30-05-2024 17:00,MEKAG,61.8,62.95,61.5,62.95,217021.0,0.0,1.15,0.19,505.26,1.15,91186.7,138.0,True,0,,60.75,63.05
30-05-2024 17:00,MIATK,49.4,49.92,49.26,49.9,1746311.0,0.02,0.5,0.02,1983.33,0.5,1055057.0,65.52,True,0,,48.52,ATH
30-05-2024 17:00,AGYO,8.74,8.9,8.72,8.9,270913.0,0.0,0.16,0.03,515.38,0.16,131354.8,106.25,True,0,,8.56,ATH
30-05-2024 17:00,ODINE,63.3,67.3,62.6,67.3,4177637.0,0.0,4.0,0.66,510.69,4.0,901105.8,363.61,True,1,67.3,59.1,73.7
30-05-2024 17:00,SURGY,53.85,54.75,53.7,54.7,962273.0,0.05,0.85,0.02,4150.0,0.85,250307.6,284.44,True,0,,52.0,56.25
30-05-2024 17:00,MOGAN,13.42,13.56,13.42,13.55,2032944.0,0.01,0.13,0.01,983.33,0.13,1236833.9,64.37,True,0,,13.1,13.65
30-05-2024 17:00,BSOKE,24.62,25.14,24.54,25.14,698578.0,0.0,0.52,0.05,940.0,0.52,193760.9,260.54,True,0,,24.16,26.32
30-05-2024 17:00,ISGSY,30.18,31.0,30.08,30.82,405847.0,0.18,0.64,0.07,869.7,0.64,117373.3,245.77,True,0,,29.6,ATH
30-05-2024 17:00,INDES,8.78,9.0,8.78,8.95,1568852.0,0.05,0.17,0.02,639.13,0.17,657545.8,138.59,True,0,,8.63,ATH
30-05-2024 17:00,VBTYZ,29.0,29.4,28.78,29.36,335260.0,0.04,0.36,0.09,300.0,0.36,182749.6,83.45,True,0,,28.1,ATH
30-05-2024 16:00,TDGYO,11.86,12.83,11.8,12.59,2224097.0,0.24,0.73,0.04,1597.67,0.73,504019.0,341.27,True,0,,11.36,12.9
30-05-2024 16:00,HATEK,14.23,15.58,14.23,15.58,2897702.0,0.0,1.35,0.15,794.04,1.35,512146.6,465.8,True,0,,13.36,ATH
30-05-2024 15:00,SKYMD,11.6,12.81,11.6,12.81,12784442.0,0.0,1.21,0.11,961.4,1.21,2050164.8,523.58,True,0,,11.35,13.24
30-05-2024 15:00,MAKTK,7.32,7.64,7.29,7.62,2395968.0,0.02,0.3,0.05,445.45,0.3,864519.8,177.14,True,0,,7.09,7.74
30-05-2024 14:00,FORMT,2.92,2.97,2.92,2.96,6185420.0,0.01,0.04,0.0,1900.0,0.04,3714193.8,66.53,True,0,,2.72,ATH
30-05-2024 13:00,ZRGYO,7.48,7.73,7.32,7.73,2143397.0,0.0,0.25,0.01,4066.67,0.25,533624.4,301.67,True,0,,7.22,ATH
30-05-2024 13:00,LIDFA,8.53,8.89,8.48,8.81,2671957.0,0.08,0.28,0.03,748.48,0.28,741106.5,260.54,True,1,8.89,8.35,8.89
30-05-2024 13:00,BAYRK,73.25,75.0,73.05,75.0,281015.0,0.0,1.75,0.4,337.5,1.75,187099.8,50.2,True,0,,70.6,76.25
30-05-2024 11:00,RGYAS,119.0,120.0,118.6,119.9,214403.0,0.1,0.9,0.01,8900.0,0.9,111256.4,92.71,True,0,,ATL,121.0
30-05-2024 11:00,DERHL,9.05,9.24,9.0,9.2,1033910.0,0.04,0.15,0.01,1400.0,0.15,555749.2,86.04,True,0,,8.88,9.49
30-05-2024 11:00,PRKAB,49.86,52.8,49.5,52.4,1724248.0,0.4,2.54,0.22,1070.51,2.54,699083.5,146.64,True,0,,39.2,ATH
30-05-2024 10:00,ARSAN,16.36,16.69,16.25,16.65,297757.0,0.04,0.29,0.0,7150.0,0.29,131150.4,127.03,True,2,16.25,16.25,16.85
30-05-2024 10:00,DOFER,48.48,52.8,48.14,52.8,2042111.0,0.0,4.32,0.34,1170.59,4.32,471063.4,333.51,True,1,52.8,45.9,ATH
30-05-2024 10:00,SAMAT,48.08,52.05,48.08,52.0,3800949.0,0.05,3.92,0.58,580.56,3.92,818469.4,364.4,True,0,,40.68,ATH
30-05-2024 10:00,BMSCH,27.46,28.36,27.16,28.2,726565.0,0.16,0.74,0.07,1021.21,0.74,188033.3,286.4,True,0,,24.22,28.66
30-05-2024 10:00,ADESE,2.27,2.34,2.27,2.33,21519573.0,0.01,0.06,0.0,2900.0,0.06,5477948.7,292.84,True,3,,2.27,2.36
30-05-2024 10:00,RYGYO,38.6,39.18,38.52,39.12,488642.0,0.06,0.52,0.09,465.22,0.52,269307.7,81.44,True,0,,37.62,40.62
30-05-2024 10:00,RUBNS,36.5,37.54,36.5,37.3,458972.0,0.24,0.8,0.12,589.66,0.8,148655.6,208.75,True,0,,35.3,ATH
30-05-2024 10:00,YYAPI,6.87,7.5,6.54,7.41,5022944.0,0.09,0.54,0.13,325.2,0.54,1191910.4,321.42,True,0,,6.0,ATH
30-05-2024 10:00,KLKIM,24.74,25.3,24.46,25.26,552223.0,0.04,0.52,0.1,409.8,0.52,243260.2,127.01,True,0,,24.06,25.46
29-05-2024 17:00,KLSYN,5.47,6.06,5.47,6.06,7544507.0,0.0,0.59,0.05,1013.21,0.59,1029190.6,633.05,True,0,,5.28,ATH
29-05-2024 17:00,ERSU,21.72,22.48,21.42,22.48,242688.0,0.0,0.76,0.04,1627.27,0.76,118170.8,105.37,True,1,22.48,21.24,23.58
29-05-2024 15:00,YGYO,9.4,9.94,9.36,9.94,3303409.0,0.0,0.54,0.07,639.73,0.54,1085204.0,204.4,True,0,,8.76,ATH
29-05-2024 14:00,OSTIM,6.39,6.98,6.33,6.9,5045624.0,0.08,0.51,0.01,3542.86,0.51,2065533.8,144.28,True,0,,6.26,7.19
29-05-2024 13:00,EPLAS,7.11,7.37,7.06,7.34,4092934.0,0.03,0.23,0.05,325.93,0.23,1173340.1,248.83,True,0,,6.73,ATH
29-05-2024 12:00,BASGZ,30.44,30.9,30.3,30.88,327397.0,0.02,0.44,0.12,254.84,0.44,194930.0,67.96,True,0,,29.08,31.22
29-05-2024 11:00,SMRTG,52.65,53.9,52.65,53.8,748632.0,0.1,1.15,0.0,22900.0,1.15,326093.9,129.58,True,1,53.9,ATL,53.9
29-05-2024 10:00,ODAS,9.3,9.39,9.25,9.37,8320315.0,0.02,0.07,0.01,1066.67,0.07,4075743.1,104.14,True,0,,9.21,9.46
29-05-2024 10:00,IHLAS,1.37,1.49,1.36,1.49,99091700.0,0.0,0.12,0.01,1233.33,0.12,24716156.5,300.92,True,1,1.49,ATL,ATH
29-05-2024 10:00,GOKNR,21.5,22.62,21.26,22.32,4014817.0,0.3,0.82,0.04,2177.78,0.82,643425.4,523.98,True,0,,20.8,ATH
29-05-2024 10:00,DARDL,6.31,6.61,6.29,6.56,3889644.0,0.05,0.25,0.02,986.96,0.25,770731.4,404.67,True,2,6.29,6.29,6.83
28-05-2024 17:00,GWIND,30.3,31.04,30.28,30.98,2230423.0,0.06,0.68,0.08,729.27,0.68,830797.4,168.47,True,0,,30.0,ATH
28-05-2024 17:00,GLCVY,47.2,48.18,47.14,48.08,332402.0,0.1,0.88,0.15,486.67,0.88,119388.9,178.42,True,0,,46.2,48.38
28-05-2024 17:00,HUNER,4.78,5.15,4.77,5.05,25585286.0,0.1,0.27,0.04,650.0,0.27,6143940.1,316.43,True,0,,4.56,ATH
28-05-2024 17:00,ALBRK,6.38,6.52,6.37,6.5,10310917.0,0.02,0.12,0.0,3900.0,0.12,3315274.8,211.01,True,0,,ATL,6.52
28-05-2024 17:00,KRVGD,30.18,31.0,30.18,30.94,532651.0,0.06,0.76,0.1,660.0,0.76,174636.4,205.01,True,0,,29.44,ATH
28-05-2024 17:00,DMRGD,14.6,14.78,14.57,14.78,271075.0,0.0,0.18,0.0,8900.0,0.18,162226.5,67.1,True,0,,14.42,15.14
28-05-2024 16:00,ARASE,65.35,66.8,65.15,66.8,794034.0,0.0,1.45,0.18,705.56,1.45,281128.7,182.45,True,0,,64.6,ATH
28-05-2024 16:00,SISE,53.95,54.95,53.95,54.7,10532541.0,0.25,0.75,0.14,417.24,0.75,3311851.4,218.03,True,1,54.95,53.15,54.95
28-05-2024 16:00,ARDYZ,37.16,37.78,37.08,37.64,670243.0,0.14,0.48,0.05,788.89,0.48,354041.6,89.31,True,0,,37.02,40.5
28-05-2024 16:00,EKGYO,8.96,9.14,8.96,9.12,44918023.0,0.02,0.16,0.0,3100.0,0.16,22580535.7,98.92,True,0,,8.89,9.35
28-05-2024 15:00,DENGE,4.23,4.45,4.23,4.45,2563739.0,0.0,0.22,0.04,478.95,0.22,958664.3,167.43,True,0,,4.0,ATH
28-05-2024 14:00,IHAAS,23.08,23.78,22.98,23.78,1214370.0,0.0,0.7,0.24,194.12,0.7,570614.5,112.82,True,0,,ATL,ATH
28-05-2024 14:00,ARCLK,186.2,188.5,185.9,187.9,604112.0,0.6,1.7,0.03,5566.67,1.7,245434.3,146.14,True,0,,184.9,188.5
28-05-2024 13:00,PCILT,16.53,17.26,16.5,17.1,1357637.0,0.16,0.57,0.04,1225.58,0.57,598883.0,126.69,True,0,,15.75,17.27
28-05-2024 11:00,BEYAZ,25.24,26.84,25.24,26.82,1958845.0,0.02,1.58,0.15,967.57,1.58,345054.9,467.69,True,0,,24.4,ATH
28-05-2024 10:00,ALKIM,38.02,39.86,37.7,39.86,1476359.0,0.0,1.84,0.23,714.16,1.84,269380.9,448.06,True,0,,36.9,ATH
28-05-2024 10:00,ALKA,31.9,34.54,31.5,34.54,2390770.0,0.0,2.64,0.34,681.07,2.64,624041.1,283.11,True,1,34.54,27.04,ATH
28-05-2024 10:00,ORCAY,17.73,18.89,17.73,18.81,20356591.0,0.08,1.08,0.15,620.0,1.08,2639166.8,671.33,True,1,18.89,13.97,18.89
28-05-2024 10:00,AVPGY,42.58,42.92,42.56,42.88,431210.0,0.04,0.3,0.02,1400.0,0.3,190106.6,126.83,True,0,,42.52,43.78
28-05-2024 10:00,ZEDUR,12.07,12.94,11.67,12.94,5305024.0,0.0,0.87,0.0,17300.0,0.87,1449711.7,265.94,True,2,11.67,11.67,ATH
28-05-2024 10:00,NUGYO,7.79,8.33,7.77,8.22,3238217.0,0.11,0.43,0.03,1620.0,0.43,605611.6,434.7,True,0,,7.66,8.4
28-05-2024 10:00,TKNSA,38.16,38.82,38.16,38.68,596487.0,0.14,0.52,0.0,25900.0,0.52,296536.5,101.15,True,0,,37.96,ATH
27-05-2024 17:00,TEZOL,19.94,21.14,19.94,20.8,1503000.0,0.34,0.86,0.08,961.73,0.86,392113.5,283.31,True,1,21.14,19.86,21.14
27-05-2024 17:00,SUNTK,20.0,20.96,19.9,20.96,855253.0,0.0,0.96,0.18,433.33,0.96,264080.7,223.86,True,0,,18.7,ATH
27-05-2024 17:00,VAKFN,3.46,3.58,3.45,3.58,12645591.0,0.0,0.12,0.02,566.67,0.12,6072085.1,108.26,True,0,,3.33,ATH
27-05-2024 17:00,DESPC,54.3,58.85,53.6,58.85,1183847.0,0.0,4.55,0.42,983.33,4.55,442546.5,167.51,True,1,58.85,50.4,ATH
27-05-2024 14:00,VKFYO,26.88,27.36,26.84,27.36,398829.0,0.0,0.48,0.17,179.07,0.48,184242.7,116.47,True,0,,25.22,ATH
27-05-2024 11:00,KOZAL,21.94,22.48,21.94,22.42,24246316.0,0.06,0.48,0.08,515.38,0.48,7718480.6,214.13,True,0,,21.46,ATH
27-05-2024 10:00,SELVA,15.45,16.4,15.45,16.29,1474527.0,0.11,0.84,0.08,990.91,0.84,522890.3,182.0,True,0,,15.1,16.48
27-05-2024 10:00,SEKFK,11.08,11.3,10.99,11.24,634972.0,0.06,0.16,0.01,1130.77,0.16,209807.4,202.65,True,1,11.3,ATL,11.3
27-05-2024 10:00,ASGYO,14.53,14.7,14.52,14.66,1091129.0,0.04,0.13,0.01,2066.67,0.13,549224.7,98.67,True,1,14.7,14.32,14.7
24-05-2024 17:00,DOHOL,15.71,15.89,15.65,15.88,13301000.0,0.01,0.17,0.02,844.44,0.17,5390656.5,146.74,True,0,,15.38,15.93
24-05-2024 17:00,NTHOL,31.76,32.32,31.64,32.28,944623.0,0.04,0.52,0.02,3150.0,0.52,258874.4,264.9,True,0,,31.6,ATH
24-05-2024 17:00,CUSAN,24.44,24.88,24.34,24.78,407692.0,0.1,0.34,0.02,1445.45,0.34,197805.6,106.11,True,1,24.88,24.06,24.88
24-05-2024 16:00,GIPTA,37.82,38.84,37.8,38.82,349394.0,0.02,1.0,0.14,604.23,1.0,159872.6,118.55,True,0,,37.02,ATH
24-05-2024 14:00,AKFYE,26.14,27.28,26.08,27.2,3166093.0,0.08,1.06,0.1,960.0,1.06,965737.1,227.84,True,0,,25.68,ATH
24-05-2024 12:00,BOSSA,17.63,18.69,17.6,18.59,2030461.0,0.1,0.96,0.12,727.59,0.96,1154852.9,75.82,True,0,,ATL,ATH
24-05-2024 11:00,DZGYO,5.16,5.23,5.15,5.22,730506.0,0.01,0.06,0.0,1900.0,0.06,215305.1,239.29,True,1,5.23,5.1,5.23
24-05-2024 11:00,PSGYO,5.75,6.05,5.75,5.97,16854010.0,0.08,0.22,0.02,1000.0,0.22,2496241.3,575.18,True,0,,5.65,ATH
24-05-2024 10:00,ARZUM,64.05,66.9,63.0,66.9,2568177.0,0.0,2.85,0.42,578.57,2.85,480818.3,434.13,True,1,66.9,ATL,ATH
24-05-2024 10:00,ELITE,33.12,34.46,32.8,34.32,1384246.0,0.14,1.2,0.03,4515.38,1.2,321075.6,331.13,True,1,34.46,ATL,34.46
24-05-2024 10:00,BRKVY,62.85,66.2,62.7,65.7,939630.0,0.5,2.85,0.09,3066.67,2.85,245884.3,282.14,True,1,66.2,62.55,66.2
24-05-2024 10:00,PRKME,24.28,25.22,24.2,24.96,1371963.0,0.26,0.68,0.07,871.43,0.68,255277.0,437.44,True,0,,24.04,ATH
24-05-2024 10:00,ATAKP,52.05,53.85,51.75,53.55,1019203.0,0.3,1.5,0.2,669.23,1.5,416356.0,144.79,True,0,,ATL,ATH
