Tarih,Hisse,open,high,low,close,volume,YuksekKapanis_Fark,AcilisKapanis_Fark,AcilisKapanisFark_Ort,AcilisKapanisFark_OrtalamayaGoreDegisim,AcilisKapanisFarkOrt_MaxSon10,HacimOrtalama,%Hacim_HacimOrtalama,Kosul,rsi,isPivot,pointpos,destek,direnc,Tsinyal_Banker_Dip,Tsinyal_Banker_DipKarar
04-11-2024 13:00,BINBN,107.5,110.9,107.5,110.7,408182.0,0.2,3.2,0.27,1085.19,3.2,183429.4,122.53,True,63.22,0,,105.1,113.4,False,False
04-11-2024 12:00,AKYHO,2.65,2.67,2.64,2.67,1644834.0,0.0,0.02,0.01,185.71,0.02,881754.7,86.54,True,46.9,0,,2.6,2.91,False,False
04-11-2024 11:00,DAGI,11.74,11.97,11.69,11.95,481851.0,0.02,0.21,0.0,10400.0,0.21,185121.1,160.29,True,55.38,0,,11.68,12.38,False,False
04-11-2024 11:00,AFYON,16.8,17.53,16.78,17.35,8195708.0,0.18,0.55,0.1,428.85,0.55,2601041.9,215.09,True,88.72,0,,15.48,ATH,False,False
04-11-2024 11:00,LIDER,99.7,103.1,99.55,103.1,220474.0,0.0,3.4,0.73,362.59,3.4,101819.9,116.53,True,72.27,0,,89.85,ATH,False,False
04-11-2024 11:00,SANKO,23.18,24.6,23.0,24.42,299082.0,0.18,1.24,0.08,1489.74,1.24,68506.0,336.58,True,64.02,0,,22.44,24.52,False,False
04-11-2024 11:00,PRZMA,34.04,34.66,34.02,34.62,181177.0,0.04,0.58,0.08,663.16,0.58,112820.6,60.59,True,62.38,0,,32.18,34.68,False,False
04-11-2024 10:00,ADEL,42.8,43.3,42.7,43.18,2904948.0,0.12,0.38,0.13,187.88,0.38,1340989.8,116.63,True,93.57,0,,40.22,ATH,False,False
04-11-2024 10:00,FORMT,5.0,5.08,4.97,5.06,7180460.0,0.02,0.06,0.01,757.14,0.06,3382136.7,112.31,True,79.51,0,,4.37,ATH,False,False
04-11-2024 10:00,NTGAZ,4.78,5.09,4.64,5.03,7521709.0,0.06,0.25,0.03,706.45,0.25,1718817.9,337.61,True,83.95,0,,4.3,ATH,False,False
04-11-2024 10:00,DURDO,21.92,23.88,21.86,23.76,1000309.0,0.12,1.84,0.27,586.57,1.84,250812.7,298.83,True,90.56,0,,14.81,ATH,False,False
04-11-2024 10:00,RTALB,16.65,18.19,16.54,18.19,15273950.0,0.0,1.54,0.11,1250.88,1.54,2694180.7,466.92,True,76.42,0,,16.48,18.96,True,True
04-11-2024 10:00,GSDHO,3.57,3.6,3.55,3.6,7219834.0,0.0,0.03,0.0,900.0,0.03,1412533.4,411.13,True,66.82,0,,3.49,ATH,False,False
04-11-2024 10:00,EMKEL,13.15,14.2,13.15,13.91,2538235.0,0.29,0.76,0.14,458.82,0.76,753141.4,237.02,True,76.33,0,,12.03,ATH,False,False
04-11-2024 10:00,FRIGO,7.94,8.16,7.89,8.13,1821959.0,0.03,0.19,0.03,578.57,0.19,621306.6,193.25,True,73.91,0,,7.63,ATH,False,False
01-11-2024 17:00,TATGD,24.02,24.72,23.98,24.54,599671.0,0.18,0.52,0.0,12900.0,0.52,167346.7,258.34,True,49.8,1,24.72,23.96,24.72,False,False
01-11-2024 17:00,TSKB,12.01,12.1,11.99,12.08,3003364.0,0.02,0.07,0.0,2233.33,0.07,1923518.9,56.14,True,60.77,0,,11.79,12.14,False,False
01-11-2024 17:00,AVOD,2.77,2.86,2.77,2.84,1119513.0,0.02,0.07,0.01,677.78,0.07,709463.4,57.8,True,76.93,0,,2.74,ATH,False,False
01-11-2024 17:00,ENKAI,48.24,48.98,48.16,48.86,2867547.0,0.12,0.62,0.18,240.66,0.62,1395048.3,105.55,True,65.99,1,48.98,47.04,48.98,False,False
01-11-2024 17:00,SEYKM,4.33,4.43,4.33,4.41,1237686.0,0.02,0.08,0.0,1900.0,0.08,506777.5,144.23,True,63.05,0,,4.27,4.58,False,False
01-11-2024 17:00,TEKTU,4.58,4.74,4.56,4.72,1549674.0,0.02,0.14,0.01,2233.33,0.14,667841.1,132.04,True,53.18,0,,4.56,5.11,True,True
01-11-2024 17:00,GOKNR,24.78,24.98,24.74,24.94,426366.0,0.04,0.16,0.02,788.89,0.16,196069.2,117.46,True,55.45,0,,24.58,25.46,False,False
01-11-2024 17:00,SURGY,67.05,75.0,67.05,74.65,1275685.0,0.35,7.6,0.35,2071.43,7.6,596039.2,114.03,True,63.84,0,,66.2,75.25,False,False
01-11-2024 17:00,YUNSA,6.37,6.4,6.35,6.4,281989.0,0.0,0.03,0.01,275.0,0.03,180786.0,55.98,True,61.99,0,,6.28,6.45,False,False
01-11-2024 17:00,NTHOL,41.04,41.66,40.94,41.62,309048.0,0.04,0.58,0.08,607.32,0.58,109352.9,182.62,True,68.12,0,,39.32,41.66,False,False
01-11-2024 17:00,KTLEV,55.25,57.5,55.1,57.45,1918324.0,0.05,2.2,0.15,1366.67,2.2,896995.5,113.86,True,66.44,0,,52.1,ATH,False,False
01-11-2024 17:00,KZGYO,23.34,23.86,23.24,23.86,1079516.0,0.0,0.52,0.09,504.65,0.52,455113.8,137.2,True,64.82,0,,22.86,23.94,False,False
01-11-2024 17:00,YYLGD,9.76,9.84,9.74,9.83,836637.0,0.01,0.07,0.0,inf,0.07,409461.9,104.33,True,47.1,0,,9.79,9.98,True,True
01-11-2024 16:00,IEYHO,8.22,8.57,8.19,8.55,3449923.0,0.02,0.33,0.04,791.89,0.33,1261718.4,173.43,True,83.93,0,,7.73,ATH,False,False
01-11-2024 16:00,ASTOR,80.45,82.65,80.3,82.2,4119429.0,0.45,1.75,0.33,430.3,1.75,1985797.3,107.44,True,72.54,1,82.65,77.25,82.65,False,False
01-11-2024 16:00,FENER,98.95,99.8,98.95,99.75,441177.0,0.05,0.8,0.05,1677.78,0.8,147792.4,198.51,True,58.18,0,,97.8,104.4,True,False
01-11-2024 15:00,ANHYT,88.55,90.65,88.4,90.15,177327.0,0.5,1.6,0.15,966.67,1.6,114947.7,54.27,True,62.81,0,,86.05,93.65,False,False
01-11-2024 15:00,DARDL,5.05,5.13,5.05,5.11,463558.0,0.02,0.06,0.01,566.67,0.06,228680.1,102.71,True,66.72,1,5.13,4.97,5.13,False,False
01-11-2024 15:00,MERKO,15.84,16.55,15.78,16.53,1252401.0,0.02,0.69,0.12,484.75,0.69,519184.9,141.22,True,75.07,0,,15.17,17.55,False,False
01-11-2024 15:00,MERCN,14.31,14.68,14.31,14.58,3805672.0,0.1,0.27,0.01,1700.0,0.27,739329.5,414.75,True,57.05,1,14.68,14.0,14.68,False,False
01-11-2024 14:00,AGROT,14.54,15.55,14.54,15.36,31591202.0,0.19,0.82,0.06,1338.6,0.82,4879566.5,547.42,True,69.96,1,15.55,14.31,15.55,False,False
01-11-2024 14:00,TEZOL,17.03,17.3,16.97,17.24,295779.0,0.06,0.21,0.02,950.0,0.21,144135.0,105.21,True,56.0,0,,16.93,17.58,True,True
01-11-2024 14:00,PASEU,24.34,24.8,24.28,24.68,1558176.0,0.12,0.34,0.02,1445.45,0.34,482935.7,222.65,True,68.59,0,,23.0,ATH,False,False
01-11-2024 14:00,REEDR,22.08,24.3,22.06,24.3,9000792.0,0.0,2.22,0.22,918.35,2.22,1631938.4,451.54,True,84.1,0,,21.88,ATH,False,False
01-11-2024 13:00,MARTI,3.33,3.4,3.33,3.4,2513453.0,0.0,0.07,0.01,775.0,0.07,1420278.3,76.97,True,76.37,0,,3.18,ATH,False,False
01-11-2024 13:00,ECILC,40.3,40.96,40.3,40.86,708644.0,0.1,0.56,0.09,508.7,0.56,391141.7,81.17,True,79.05,0,,39.34,ATH,False,False
01-11-2024 13:00,SAYAS,45.32,45.96,45.3,45.8,88140.0,0.16,0.48,0.03,1400.0,0.48,53444.2,64.92,True,53.56,0,,43.62,47.18,False,False
01-11-2024 13:00,EUPWR,33.64,35.28,33.52,34.98,4709709.0,0.3,1.34,0.14,885.29,1.34,2059488.4,128.68,True,67.48,0,,32.82,35.84,False,False
01-11-2024 13:00,OZRDN,8.07,8.15,8.07,8.15,72389.0,0.0,0.08,0.01,788.89,0.08,48195.6,50.2,True,56.57,0,,8.02,8.25,False,False
01-11-2024 13:00,CWENE,182.4,187.4,182.0,186.1,392257.0,1.3,3.7,0.13,2746.15,3.7,109785.7,257.29,True,61.17,1,187.4,181.2,187.4,False,False
01-11-2024 13:00,TUKAS,6.61,6.9,6.59,6.88,5443284.0,0.02,0.27,0.03,938.46,0.27,1142226.5,376.55,True,81.7,0,,6.56,ATH,False,False
01-11-2024 12:00,AHGAZ,19.33,19.64,19.3,19.57,963837.0,0.07,0.24,0.01,1746.15,0.24,568090.8,69.66,True,65.88,2,19.3,19.3,19.77,False,False
01-11-2024 11:00,KATMR,2.19,2.25,2.19,2.24,17253023.0,0.01,0.05,0.01,900.0,0.05,5827659.2,196.05,True,70.2,1,2.25,2.17,2.25,False,False
01-11-2024 11:00,ADESE,1.86,1.87,1.85,1.87,5109522.0,0.0,0.01,0.0,inf,0.01,2924122.0,74.74,True,62.29,1,1.87,1.84,ATH,False,False
01-11-2024 11:00,MOBTL,4.15,4.22,4.15,4.21,1844848.0,0.01,0.06,0.0,1400.0,0.06,781489.1,136.07,True,61.45,0,,4.13,4.23,False,False
01-11-2024 11:00,KRDMB,18.49,18.89,18.49,18.89,402528.0,0.0,0.4,0.03,1279.31,0.4,179038.3,124.83,True,77.41,0,,18.15,ATH,False,False
01-11-2024 11:00,CIMSA,34.72,35.06,34.64,35.06,1618706.0,0.0,0.34,0.01,2328.57,0.34,922360.5,75.5,True,68.36,0,,34.32,35.3,False,False
01-11-2024 11:00,CANTE,1.46,1.47,1.45,1.47,5982868.0,0.0,0.01,0.0,inf,0.01,3306476.3,80.94,True,57.12,1,1.47,1.45,1.48,False,False
01-11-2024 11:00,KRDMA,20.28,20.6,20.28,20.58,283370.0,0.02,0.3,0.02,1775.0,0.3,150964.8,87.71,True,69.89,0,,19.7,ATH,False,False
01-11-2024 11:00,ASELS,61.65,64.3,61.65,63.55,12173399.0,0.75,1.9,0.14,1210.34,1.9,4013817.3,203.29,True,69.26,0,,60.65,ATH,False,False
01-11-2024 11:00,TTKOM,47.74,48.8,47.74,48.7,2807300.0,0.1,0.96,0.09,1016.28,0.96,1293057.9,117.11,True,72.23,1,48.8,46.94,48.8,False,False
01-11-2024 11:00,TAVHL,230.7,234.7,230.3,234.6,395116.0,0.1,3.9,0.64,509.38,3.9,186335.6,112.05,True,78.05,0,,225.0,ATH,False,False
01-11-2024 10:00,IHAAS,17.6,19.84,17.51,19.74,4052629.0,0.1,2.14,0.21,900.0,2.14,465406.8,770.77,True,43.7,0,,17.5,23.7,True,True
01-11-2024 10:00,DAPGM,4.52,4.56,4.5,4.56,4455299.0,0.0,0.04,0.01,471.43,0.04,1261697.1,253.12,True,57.94,0,,4.49,4.66,False,False
01-11-2024 10:00,GUBRF,202.4,205.6,200.4,205.6,1921097.0,0.0,3.2,0.59,442.37,3.2,827957.5,132.03,True,75.45,0,,177.9,ATH,False,False
01-11-2024 10:00,PETUN,10.0,10.58,10.0,10.42,3936957.0,0.16,0.42,0.03,1515.38,0.42,919580.8,328.13,True,71.78,1,10.58,9.98,10.58,False,False
01-11-2024 10:00,HATSN,41.96,44.4,41.8,43.74,837662.0,0.66,1.78,0.18,878.02,1.78,164426.9,409.44,True,69.34,3,,41.78,44.28,False,False
01-11-2024 10:00,HDFGS,1.41,1.43,1.41,1.43,2240151.0,0.0,0.02,0.0,900.0,0.02,805322.2,178.17,True,55.13,0,,1.4,1.45,False,False
01-11-2024 10:00,ONRYT,83.55,86.9,83.5,86.45,1724216.0,0.45,2.9,0.25,1083.67,2.9,506423.7,240.47,True,66.19,1,86.9,82.5,86.9,False,False
01-11-2024 10:00,ALTNY,99.7,102.4,98.35,102.1,5620873.0,0.3,2.4,0.35,576.06,2.4,2054101.7,173.64,True,77.94,1,102.4,93.55,102.4,False,False
01-11-2024 10:00,SDTTR,255.0,260.0,252.0,259.0,249744.0,1.0,4.0,0.78,416.13,4.0,117276.0,112.95,True,69.58,0,,246.7,260.0,False,False
01-11-2024 10:00,IHLAS,0.99,1.0,0.98,1.0,32365765.0,0.0,0.01,0.0,900.0,0.01,6091215.3,431.35,True,56.78,1,1.0,0.97,ATH,False,False
01-11-2024 10:00,IHYAY,4.75,5.03,4.65,4.96,2103180.0,0.07,0.21,0.0,inf,0.21,1175581.8,78.91,True,62.22,2,4.65,4.65,5.23,False,False
01-11-2024 10:00,GLBMD,10.85,11.25,10.72,11.21,457618.0,0.04,0.36,0.04,737.21,0.36,108495.0,321.79,True,72.86,1,11.25,10.6,11.25,False,False
01-11-2024 10:00,SUWEN,29.6,29.98,29.44,29.96,617952.0,0.02,0.36,0.01,2471.43,0.36,139801.2,342.02,True,57.52,0,,29.02,30.46,False,False
01-11-2024 10:00,TCKRC,24.42,25.02,24.42,24.96,1152598.0,0.06,0.54,0.06,770.97,0.54,421875.7,173.21,True,56.91,0,,24.54,25.52,False,False
01-11-2024 10:00,SOKE,14.7,15.2,14.58,15.2,3942386.0,0.0,0.5,0.04,1328.57,0.5,575411.4,585.14,True,79.31,1,15.2,13.73,15.59,False,False
31-10-2024 17:00,RYSAS,13.38,13.88,13.3,13.8,1096745.0,0.08,0.42,0.07,500.0,0.42,472538.6,132.1,True,81.13,0,,11.75,ATH,False,False
31-10-2024 17:00,MIATK,40.88,41.44,40.76,41.42,2046293.0,0.02,0.54,0.03,1828.57,0.54,1108557.5,84.59,True,66.37,0,,39.08,ATH,False,False
31-10-2024 17:00,ISKPL,17.38,17.67,17.38,17.63,564916.0,0.04,0.25,0.0,8233.33,0.25,131276.9,330.32,True,55.16,0,,17.25,17.8,False,False
31-10-2024 16:00,BJKAS,4.81,4.88,4.81,4.86,3022233.0,0.02,0.05,0.01,525.0,0.05,1645839.6,83.63,True,61.73,1,4.88,4.66,4.88,False,False
31-10-2024 16:00,DENGE,3.25,3.41,3.24,3.38,7419651.0,0.03,0.13,0.01,1344.44,0.13,2319595.0,219.87,True,63.54,1,3.41,3.23,3.41,True,True
31-10-2024 16:00,BMSTL,48.88,49.8,48.82,49.54,348997.0,0.26,0.66,0.04,1636.84,0.66,146630.7,138.01,True,54.49,0,,48.78,50.1,False,False
31-10-2024 16:00,ARSAN,21.88,22.2,21.88,22.12,164727.0,0.08,0.24,0.0,11900.0,0.24,70867.5,132.44,True,59.06,0,,21.7,22.18,False,False
31-10-2024 16:00,MEGMT,32.12,34.34,32.12,34.18,2832544.0,0.16,2.06,0.26,692.31,2.06,467005.9,506.53,True,88.53,1,34.34,31.14,34.34,False,False
31-10-2024 16:00,MZHLD,6.64,6.78,6.61,6.78,473931.0,0.0,0.14,0.01,976.92,0.14,117808.1,302.29,True,63.11,0,,6.55,7.13,False,False
31-10-2024 15:00,GUNDG,46.02,49.88,45.82,49.4,1229542.0,0.48,3.38,0.35,865.71,3.38,267168.9,360.21,True,75.94,1,49.88,44.62,49.88,False,False
31-10-2024 15:00,DURKN,13.96,14.48,13.89,14.48,9917863.0,0.0,0.52,0.11,395.24,0.52,2828810.9,250.6,True,76.55,0,,12.88,ATH,False,False
31-10-2024 14:00,BMSCH,26.86,27.32,26.82,27.3,160856.0,0.02,0.44,0.09,411.63,0.44,74676.0,115.41,True,65.59,0,,26.26,28.18,False,False
31-10-2024 14:00,PEKGY,4.24,4.32,4.23,4.31,3211530.0,0.01,0.07,0.01,677.78,0.07,1775091.4,80.92,True,74.18,0,,4.16,ATH,False,False
31-10-2024 14:00,KOPOL,31.88,32.56,31.76,32.5,523252.0,0.06,0.62,0.08,675.0,0.62,245435.5,113.19,True,70.39,0,,31.26,33.78,False,False
31-10-2024 13:00,ATLAS,5.2,5.28,5.18,5.26,108694.0,0.02,0.06,0.0,inf,0.06,69546.0,56.29,True,51.35,0,,4.72,5.49,False,False
31-10-2024 13:00,VRGYO,3.05,3.18,3.04,3.18,6325438.0,0.0,0.13,0.01,828.57,0.13,1550632.6,307.93,True,79.84,0,,2.89,ATH,False,False
31-10-2024 13:00,CRDFA,6.1,6.31,6.05,6.27,4512147.0,0.04,0.17,0.02,962.5,0.17,1796455.8,151.17,True,77.43,1,6.31,5.65,6.31,False,False
31-10-2024 13:00,ALMAD,6.7,7.09,6.7,7.03,2097469.0,0.06,0.33,0.01,4614.29,0.33,582049.2,260.36,True,53.11,0,,6.67,7.29,True,True
31-10-2024 12:00,MHRGY,4.58,4.65,4.58,4.65,305771.0,0.0,0.07,0.01,483.33,0.07,185224.3,65.08,True,70.65,0,,4.57,ATH,False,False
31-10-2024 12:00,AYDEM,25.02,25.48,24.98,25.4,528993.0,0.08,0.38,0.02,1800.0,0.38,210580.7,151.21,True,67.76,0,,24.44,ATH,False,False
31-10-2024 11:00,OYAKC,57.65,58.75,57.55,58.65,921882.0,0.1,1.0,0.1,952.63,1.0,518001.2,77.97,True,68.41,1,58.75,54.7,58.75,False,False
31-10-2024 11:00,GSDDE,7.27,7.5,7.23,7.49,720373.0,0.01,0.22,0.0,10900.0,0.22,451940.5,59.4,True,69.32,0,,6.84,ATH,False,False
31-10-2024 11:00,SEKUR,12.14,12.32,12.14,12.3,198618.0,0.02,0.16,0.01,1900.0,0.16,103598.4,91.72,True,69.35,0,,11.81,ATH,False,False
31-10-2024 11:00,BUCIM,6.42,6.46,6.41,6.45,1006377.0,0.01,0.03,0.0,inf,0.03,612337.2,64.35,True,58.07,0,,6.3,6.47,False,False
31-10-2024 11:00,ENSRI,20.4,21.26,20.4,21.08,516439.0,0.18,0.68,0.06,996.77,0.68,126752.0,307.44,True,62.45,1,21.26,20.16,21.26,False,False
31-10-2024 11:00,BIGCH,25.58,26.46,25.58,26.46,398176.0,0.0,0.88,0.1,780.0,0.88,262030.1,51.96,True,75.53,0,,21.18,ATH,False,False
31-10-2024 11:00,TRILC,17.97,18.23,17.95,18.16,2107649.0,0.07,0.19,0.03,603.7,0.19,870948.4,141.99,True,58.32,0,,17.9,18.24,False,False
31-10-2024 11:00,QUAGR,2.64,2.65,2.63,2.65,1297481.0,0.0,0.01,0.0,900.0,0.01,647560.7,100.36,True,62.43,0,,2.62,ATH,False,False
31-10-2024 11:00,ODAS,5.81,5.99,5.81,5.96,10003265.0,0.03,0.15,0.02,581.82,0.15,5578321.5,79.32,True,75.5,1,5.99,5.52,5.99,False,False
31-10-2024 11:00,ULUFA,12.96,13.19,12.95,13.14,355781.0,0.05,0.18,0.0,8900.0,0.18,163525.2,117.57,True,62.77,0,,12.89,13.28,False,False
31-10-2024 10:00,GLYHO,16.28,16.67,16.27,16.66,2407985.0,0.01,0.38,0.05,726.09,0.38,533488.3,351.37,True,64.15,0,,15.97,16.72,False,False
31-10-2024 10:00,ODINE,79.2,82.5,79.15,81.9,966095.0,0.6,2.7,0.44,513.64,2.7,444199.1,117.49,True,69.27,0,,77.65,85.85,False,False
31-10-2024 10:00,GOODY,15.57,16.03,15.57,15.98,620609.0,0.05,0.41,0.1,298.06,0.41,264250.4,134.86,True,66.77,0,,14.84,16.05,False,False
31-10-2024 10:00,OYLUM,7.44,7.56,7.42,7.54,554515.0,0.02,0.1,0.01,566.67,0.1,210196.0,163.81,True,57.35,2,7.42,7.42,7.65,False,False
31-10-2024 10:00,KRDMD,24.88,25.56,24.88,25.4,16958218.0,0.16,0.52,0.06,828.57,0.52,3798615.2,346.43,True,68.68,1,25.56,24.0,25.56,False,False
31-10-2024 10:00,ALKLC,33.02,33.36,32.94,33.28,614650.0,0.08,0.26,0.01,1757.14,0.26,209467.7,193.43,True,57.54,0,,32.22,33.52,False,False
31-10-2024 10:00,INDES,6.19,6.24,6.16,6.24,1014259.0,0.0,0.05,0.0,2400.0,0.05,498186.6,103.59,True,55.67,0,,6.12,6.3,False,False
31-10-2024 10:00,BRKVY,48.1,52.9,48.02,52.9,1471906.0,0.0,4.8,0.48,895.85,4.8,303203.5,385.45,True,81.0,1,52.9,40.4,ATH,False,False
31-10-2024 10:00,EDIP,21.4,23.12,21.1,22.68,3177672.0,0.44,1.28,0.27,374.07,1.28,657656.7,383.18,True,92.11,1,23.12,17.9,23.12,False,False
31-10-2024 10:00,ELITE,40.0,42.2,39.5,41.76,2183759.0,0.44,1.76,0.2,788.89,1.76,569520.0,283.44,True,74.53,1,42.2,36.08,42.2,False,False
31-10-2024 10:00,PCILT,18.14,19.04,18.08,18.79,1325668.0,0.25,0.65,0.07,842.03,0.65,520535.0,154.67,True,42.2,0,,17.8,21.5,False,False
31-10-2024 10:00,FORTE,46.8,48.52,46.4,48.12,413419.0,0.4,1.32,0.3,345.95,1.32,199797.0,106.92,True,71.08,2,46.4,46.4,ATH,False,False
31-10-2024 10:00,SILVR,19.82,21.18,19.82,21.18,1799156.0,0.0,1.36,0.2,593.88,1.36,382849.4,369.94,True,90.64,1,21.18,17.96,ATH,False,False
31-10-2024 10:00,DZGYO,11.4,12.3,11.4,12.19,2531403.0,0.11,0.79,0.12,581.03,0.79,580423.0,336.13,True,81.72,1,12.3,10.22,12.3,False,False
31-10-2024 10:00,TRCAS,22.68,24.02,22.68,23.88,1655100.0,0.14,1.2,0.13,852.38,1.2,244986.8,575.59,True,79.59,0,,21.82,ATH,False,False
31-10-2024 10:00,KOZAA,60.9,61.5,60.0,61.45,1569303.0,0.05,0.55,0.05,1000.0,0.55,552940.9,183.81,True,60.67,2,60.0,60.0,61.95,False,False
30-10-2024 17:00,GIPTA,28.54,29.16,28.48,29.16,120102.0,0.0,0.62,0.11,443.86,0.62,74572.1,61.05,True,73.39,0,,26.5,ATH,False,False
30-10-2024 17:00,ISFIN,11.45,11.66,11.4,11.62,1278066.0,0.04,0.17,0.02,709.52,0.17,540529.4,136.45,True,75.82,0,,10.7,ATH,False,False
30-10-2024 17:00,TUCLK,11.27,11.53,11.27,11.53,3898928.0,0.0,0.26,0.09,198.85,0.26,2377572.8,63.99,True,76.72,0,,10.1,ATH,False,False
30-10-2024 17:00,SNICA,5.39,5.51,5.38,5.49,2880512.0,0.02,0.1,0.02,488.24,0.1,1363742.5,111.22,True,74.46,0,,5.17,ATH,False,False
30-10-2024 17:00,ANSGR,82.65,85.55,82.55,85.0,1206260.0,0.55,2.35,0.36,543.84,2.35,301711.2,299.81,True,69.81,0,,81.55,ATH,False,False
30-10-2024 17:00,PENTA,14.13,14.35,14.13,14.3,991176.0,0.05,0.17,0.03,431.25,0.17,279597.6,254.5,True,69.96,0,,13.81,14.52,False,False
30-10-2024 17:00,CEOEM,59.5,61.0,58.9,60.9,445441.0,0.1,1.4,0.1,1233.33,1.4,187691.3,137.33,True,63.34,0,,58.1,63.55,False,False
30-10-2024 16:00,AKENR,11.52,11.67,11.52,11.64,2215493.0,0.03,0.12,0.03,344.44,0.12,1239375.6,78.76,True,75.13,0,,11.18,ATH,False,False
30-10-2024 16:00,ICUGS,24.58,26.26,24.5,26.18,1301390.0,0.08,1.6,0.11,1328.57,1.6,360101.5,261.4,True,66.01,0,,23.98,26.8,False,False
30-10-2024 16:00,ALBRK,5.28,5.41,5.27,5.4,4826731.0,0.01,0.12,0.01,1614.29,0.12,2488459.0,93.96,True,59.63,1,5.41,5.14,5.41,False,False
30-10-2024 16:00,ERSU,18.82,19.85,18.82,19.63,1561069.0,0.22,0.81,0.07,1108.96,0.81,461714.3,238.1,True,58.49,0,,18.6,22.14,True,True
30-10-2024 15:00,KRVGD,2.27,2.36,2.27,2.34,3670439.0,0.02,0.07,0.01,536.36,0.07,1263000.5,190.61,True,78.66,0,,2.18,ATH,False,False
30-10-2024 15:00,KRSTL,6.08,6.15,6.06,6.14,1434521.0,0.01,0.06,0.0,2900.0,0.06,899397.0,59.5,True,66.76,1,6.15,5.93,6.15,False,False
30-10-2024 14:00,ZEDUR,8.04,8.2,8.01,8.17,1116586.0,0.03,0.13,0.05,150.0,0.13,357296.8,212.51,True,87.37,0,,7.5,ATH,False,False
30-10-2024 14:00,ISCTR,11.91,12.04,11.88,12.02,41854734.0,0.02,0.11,0.01,685.71,0.11,22827109.7,83.36,True,68.84,0,,11.58,ATH,False,False
30-10-2024 14:00,MAVI,76.4,77.55,76.3,77.25,424947.0,0.3,0.85,0.03,3300.0,0.85,262514.2,61.88,True,56.89,0,,75.4,78.0,False,False
30-10-2024 14:00,SKBNK,4.15,4.18,4.14,4.18,7467357.0,0.0,0.03,0.0,2900.0,0.03,3427041.6,117.9,True,58.56,1,4.18,4.12,4.19,False,False
30-10-2024 14:00,BIMAS,473.0,482.75,472.75,482.5,1644753.0,0.25,9.5,0.52,1709.52,9.5,530603.8,209.98,True,67.11,0,,465.5,ATH,False,False
30-10-2024 14:00,YKBNK,24.8,25.18,24.76,25.08,30237391.0,0.1,0.28,0.02,1455.56,0.28,10818248.2,179.5,True,64.16,1,25.18,24.42,25.18,False,False
30-10-2024 14:00,AZTEK,48.82,51.9,48.68,51.65,716796.0,0.25,2.83,0.28,921.66,2.83,230084.1,211.54,True,69.74,0,,48.4,54.0,False,False
30-10-2024 14:00,XBANK,12142.78,12309.82,12135.29,12282.73,105243012.0,27.09,139.95,12.96,979.94,139.95,53189271.5,97.87,True,63.76,0,,11980.15,12293.73,False,False
30-10-2024 14:00,PETKM,18.86,19.02,18.85,19.0,8019319.0,0.02,0.14,0.01,1172.73,0.14,3366245.7,138.23,True,59.41,2,18.85,18.85,19.06,False,False
30-10-2024 14:00,EKSUN,5.95,6.02,5.95,6.0,599614.0,0.02,0.05,0.0,1150.0,0.05,309427.2,93.78,True,61.1,0,,5.84,6.03,False,False
30-10-2024 14:00,AKBNK,50.4,51.3,50.3,51.05,10504966.0,0.25,0.65,0.1,543.56,0.65,6244491.3,68.23,True,64.82,0,,48.9,ATH,False,False
30-10-2024 13:00,AVPGY,47.36,48.86,47.32,48.44,850481.0,0.42,1.08,0.22,386.49,1.08,216110.0,293.54,True,81.74,0,,45.7,ATH,False,False
30-10-2024 12:00,YESIL,1.35,1.4,1.35,1.39,7946186.0,0.01,0.04,0.01,400.0,0.04,2762807.0,187.61,True,70.52,1,1.4,1.3,1.4,False,False
30-10-2024 12:00,CVKMD,297.0,310.5,295.0,308.75,426046.0,1.75,11.75,1.92,510.39,11.75,114086.2,273.44,True,76.87,0,,283.5,ATH,False,False
30-10-2024 11:00,ARZUM,43.52,43.9,43.28,43.8,220680.0,0.1,0.28,0.01,4566.67,0.28,93140.4,136.93,True,47.45,2,43.28,43.28,44.42,False,False
30-10-2024 11:00,EUREN,11.75,12.05,11.71,12.01,1520072.0,0.04,0.26,0.05,400.0,0.26,547890.1,177.44,True,80.5,0,,11.21,ATH,False,False
30-10-2024 11:00,ESCOM,51.1,52.3,50.8,52.05,159378.0,0.25,0.95,0.08,1166.67,0.95,72937.2,118.51,True,63.49,0,,50.4,53.0,False,False
30-10-2024 11:00,NETAS,72.95,78.3,72.75,77.95,617955.0,0.35,5.0,0.79,528.93,5.0,165256.0,273.94,True,80.33,1,78.3,68.15,78.3,False,False
30-10-2024 11:00,KZBGY,31.66,32.92,31.66,32.68,2057917.0,0.24,1.02,0.18,473.03,1.02,711516.8,189.23,True,82.46,0,,29.5,ATH,False,False
30-10-2024 11:00,TSPOR,0.94,0.96,0.93,0.96,80851477.0,0.0,0.02,0.0,1900.0,0.02,19379864.9,317.19,True,60.3,3,,0.93,0.97,False,False
30-10-2024 11:00,KIMMR,9.83,10.22,9.8,10.13,1405161.0,0.09,0.3,0.07,328.57,0.3,535472.0,162.42,True,88.3,0,,8.99,ATH,False,False
30-10-2024 11:00,TCELL,87.1,88.15,87.0,88.05,2409975.0,0.1,0.95,0.09,955.56,0.95,1541365.2,56.35,True,54.93,0,,86.15,88.85,False,False
30-10-2024 11:00,ARDYZ,31.02,31.8,30.92,31.62,1265126.0,0.18,0.6,0.16,270.37,0.6,439343.5,187.96,True,70.85,0,,29.98,ATH,False,False
30-10-2024 10:00,CEMZY,10.41,10.68,10.34,10.63,8137515.0,0.05,0.22,0.02,816.67,0.22,1930253.1,321.58,True,78.32,0,,9.97,ATH,False,False
30-10-2024 10:00,PATEK,94.8,104.0,94.8,104.0,3255692.0,0.0,9.2,0.47,1857.45,9.2,1119632.5,190.78,True,67.06,1,104.0,88.25,ATH,False,False
30-10-2024 10:00,METUR,17.31,17.44,17.19,17.43,459089.0,0.01,0.12,0.04,233.33,0.12,272403.4,68.53,True,85.25,0,,ATL,ATH,False,False
30-10-2024 10:00,FZLGY,17.74,18.6,17.73,18.51,2063162.0,0.09,0.77,0.12,563.79,0.77,461033.2,347.51,True,81.84,0,,16.46,ATH,False,False
30-10-2024 10:00,IMASM,2.36,2.4,2.35,2.39,3067854.0,0.01,0.03,0.01,328.57,0.03,987521.3,210.66,True,65.34,0,,2.27,2.43,False,False
30-10-2024 10:00,SEGYO,4.03,4.07,4.03,4.07,1587933.0,0.0,0.04,0.0,3900.0,0.04,843439.8,88.27,True,61.52,0,,3.99,4.12,False,False
30-10-2024 10:00,OZATD,77.05,83.4,76.55,81.85,1797017.0,1.55,4.8,0.6,700.0,4.8,434317.0,313.76,True,83.31,0,,69.65,ATH,False,False
30-10-2024 10:00,DMSAS,6.46,6.62,6.46,6.62,522779.0,0.0,0.16,0.02,841.18,0.16,331824.7,57.55,True,71.45,0,,6.4,6.7,False,False
30-10-2024 10:00,OSTIM,7.3,7.43,7.28,7.4,885496.0,0.03,0.1,0.01,1150.0,0.1,241119.8,267.24,True,70.77,0,,6.99,ATH,False,False
30-10-2024 10:00,BEGYO,3.3,3.35,3.29,3.34,2674939.0,0.01,0.04,0.01,207.69,0.04,1667476.2,60.42,True,81.96,0,,3.14,ATH,False,False
28-10-2024 12:00,TDGYO,11.99,12.09,11.91,12.09,547263.0,0.0,0.1,0.01,669.23,0.1,341068.0,60.46,True,47.68,0,,11.81,12.7,False,False
28-10-2024 12:00,VAKBN,20.64,21.64,20.6,21.64,3028605.0,0.0,1.0,0.07,1415.15,1.0,1746323.2,73.43,True,66.24,1,21.64,20.36,21.94,False,False
28-10-2024 12:00,EUHOL,8.11,8.35,8.11,8.35,796394.0,0.0,0.24,0.02,900.0,0.24,453685.3,75.54,True,38.32,0,,7.21,9.32,False,False
28-10-2024 12:00,MNDRS,11.37,11.48,11.37,11.48,267325.0,0.0,0.11,0.01,1000.0,0.11,155864.4,71.51,True,64.5,0,,10.96,ATH,False,False
28-10-2024 12:00,IHEVA,1.94,1.95,1.94,1.95,946884.0,0.0,0.01,0.0,233.33,0.01,529792.0,78.73,True,61.0,0,,1.9,1.96,False,False
28-10-2024 12:00,KERVN,1.61,1.62,1.61,1.62,378099.0,0.0,0.01,0.0,900.0,0.01,155734.8,142.78,True,28.97,2,1.61,1.61,1.71,False,False
28-10-2024 11:00,METRO,2.12,2.18,2.11,2.18,2721633.0,0.0,0.06,0.01,500.0,0.06,588919.3,362.14,True,83.28,0,,2.07,ATH,False,False
28-10-2024 11:00,MGROS,410.0,416.0,409.75,415.5,323610.0,0.5,5.5,1.05,423.81,5.5,126170.0,156.49,True,70.25,0,,401.0,ATH,False,False
28-10-2024 11:00,TOASO,191.7,194.4,191.6,193.9,1166888.0,0.5,2.2,0.19,1057.89,2.2,669018.4,74.42,True,51.74,0,,189.2,202.4,False,False
28-10-2024 11:00,IZENR,20.1,20.88,20.1,20.8,1103877.0,0.08,0.7,0.1,600.0,0.7,398406.7,177.07,True,81.9,0,,18.6,ATH,False,False
28-10-2024 11:00,EFORC,37.9,39.0,37.82,38.94,1228939.0,0.06,1.04,0.18,477.78,1.04,664375.3,84.98,True,84.08,0,,35.06,ATH,False,False
28-10-2024 11:00,DCTTR,22.26,23.2,22.24,23.1,496892.0,0.1,0.84,0.08,976.92,0.84,209431.4,137.26,True,72.1,0,,21.82,ATH,False,False
28-10-2024 11:00,GESAN,42.62,44.46,42.28,44.1,3569528.0,0.36,1.48,0.29,410.34,1.48,903590.2,295.04,True,76.33,0,,40.64,ATH,False,False
28-10-2024 10:00,KOCMT,16.21,16.4,16.21,16.35,996100.0,0.05,0.14,0.03,324.24,0.14,521719.2,90.93,True,63.23,0,,16.01,16.42,False,False
28-10-2024 10:00,IPEKE,34.88,35.22,34.42,35.14,840162.0,0.08,0.26,0.05,465.22,0.26,249189.5,237.16,True,62.29,0,,34.2,35.2,False,False
28-10-2024 10:00,ALFAS,51.85,53.8,51.25,53.6,1528519.0,0.2,1.75,0.24,644.68,1.75,340800.2,348.51,True,65.01,0,,51.0,56.95,False,False
28-10-2024 10:00,MOGAN,10.18,10.35,10.12,10.32,1389213.0,0.03,0.14,0.02,536.36,0.14,346894.4,300.47,True,66.2,0,,10.03,10.78,False,False
28-10-2024 10:00,ALVES,32.72,33.18,32.5,33.12,878437.0,0.06,0.4,0.08,412.82,0.4,308414.5,184.82,True,75.16,0,,30.9,ATH,False,False
28-10-2024 10:00,IZMDC,5.37,5.44,5.37,5.43,716080.0,0.01,0.06,0.01,500.0,0.06,237520.9,201.48,True,73.01,0,,5.33,ATH,False,False
28-10-2024 10:00,KONTR,43.34,44.58,43.02,44.3,3604677.0,0.28,0.96,0.16,515.38,0.96,1203888.3,199.42,True,73.25,0,,42.2,ATH,False,False
25-10-2024 17:00,DOHOL,12.82,12.98,12.78,12.98,4914680.0,0.0,0.16,0.0,3900.0,0.16,1797563.3,173.41,True,50.39,0,,12.75,13.26,False,False
25-10-2024 17:00,SASA,3.86,3.91,3.86,3.9,51858996.0,0.01,0.04,0.0,9.00719925474099e+16,0.04,20097768.9,158.03,True,52.15,0,,3.85,3.94,False,False
25-10-2024 17:00,SAHOL,84.0,85.4,83.8,85.35,3718962.0,0.05,1.35,0.28,390.91,1.35,1805708.0,105.96,True,69.09,0,,82.1,ATH,False,False
25-10-2024 17:00,XU030,9767.32,9895.12,9763.06,9881.03,371222523.0,14.09,113.71,4.64,2352.23,113.71,130593090.1,184.26,True,59.42,0,,9732.92,9898.95,False,False
25-10-2024 17:00,RODRG,21.96,23.1,21.94,22.92,1968898.0,0.18,0.96,0.1,841.18,0.96,664756.3,196.18,True,80.44,0,,18.7,23.1,False,False
25-10-2024 17:00,SISE,38.98,39.74,38.96,39.54,4613423.0,0.2,0.56,0.05,976.92,0.56,2088057.5,120.94,True,58.25,0,,38.78,39.7,False,False
25-10-2024 17:00,ENTRA,7.76,7.83,7.75,7.82,1625482.0,0.01,0.06,0.01,650.0,0.06,1071358.1,51.72,True,59.55,0,,7.72,7.83,False,False
25-10-2024 17:00,EPLAS,5.06,5.12,5.06,5.11,132526.0,0.01,0.05,0.0,1566.67,0.05,69422.7,90.9,True,56.89,0,,5.01,5.15,False,False
25-10-2024 17:00,EREGL,46.46,47.46,46.42,47.42,16984587.0,0.04,0.96,0.08,1163.16,0.96,4717413.6,260.04,True,60.68,0,,46.34,48.2,False,False
25-10-2024 17:00,FROTO,1003.0,1016.0,1002.0,1015.0,263584.0,1.0,12.0,0.35,3328.57,12.0,101656.0,159.29,True,61.6,1,1016.0,990.5,1016.0,False,False
25-10-2024 17:00,EGSER,3.78,3.82,3.78,3.81,387978.0,0.01,0.03,0.0,2900.0,0.03,215943.5,79.67,True,53.67,0,,3.72,3.86,False,False
25-10-2024 17:00,SMART,28.8,29.14,28.72,29.1,148456.0,0.04,0.3,0.02,1400.0,0.3,98953.5,50.03,True,54.08,0,,28.62,29.44,False,False
25-10-2024 17:00,ZOREN,4.11,4.16,4.11,4.16,6698666.0,0.0,0.05,0.01,900.0,0.05,2997237.1,123.49,True,53.32,0,,4.1,4.18,False,False
25-10-2024 17:00,SOKM,39.24,39.58,39.22,39.54,1424649.0,0.04,0.3,0.01,4900.0,0.3,617271.1,130.8,True,46.13,0,,39.12,39.98,False,False
25-10-2024 17:00,ORCAY,8.77,8.92,8.77,8.92,253470.0,0.0,0.15,0.02,900.0,0.15,73342.8,245.6,True,62.78,0,,8.75,ATH,False,False
25-10-2024 17:00,BOSSA,6.08,6.16,6.08,6.14,647449.0,0.02,0.06,0.0,1400.0,0.06,305697.8,111.79,True,51.93,0,,6.06,6.25,False,False
25-10-2024 17:00,BEYAZ,21.58,21.8,21.54,21.8,312688.0,0.0,0.22,0.03,685.71,0.22,163864.9,90.82,True,67.39,0,,21.3,22.18,False,False
25-10-2024 17:00,THYAO,273.0,276.75,272.75,276.0,5200696.0,0.75,3.0,0.25,1100.0,3.0,1723684.9,201.72,True,62.38,0,,271.75,276.5,False,False
25-10-2024 17:00,TKNSA,26.18,26.56,26.16,26.56,350967.0,0.0,0.38,0.04,763.64,0.38,149614.9,134.58,True,63.04,0,,25.32,26.7,False,False
25-10-2024 17:00,BERA,12.7,12.84,12.69,12.84,1215770.0,0.0,0.14,0.02,566.67,0.14,473199.6,156.93,True,55.86,0,,12.51,13.15,False,False
25-10-2024 17:00,ASUZU,64.9,65.85,64.75,65.65,123854.0,0.2,0.75,0.12,525.0,0.75,57860.5,114.06,True,60.16,0,,64.35,66.9,False,False
25-10-2024 17:00,TUPRS,144.5,146.4,144.5,146.1,2861303.0,0.3,1.6,0.08,1900.0,1.6,1127848.7,153.7,True,56.49,0,,144.2,146.8,False,False
25-10-2024 17:00,ULKER,123.0,125.4,123.0,125.1,731989.0,0.3,2.1,0.1,2000.0,2.1,242951.9,201.29,True,62.91,0,,122.2,126.0,False,False
25-10-2024 17:00,VESBE,17.52,17.65,17.5,17.63,421983.0,0.02,0.11,0.01,1733.33,0.11,121976.6,245.95,True,51.54,0,,17.31,17.7,False,False
25-10-2024 17:00,ALARK,87.25,88.9,87.2,88.7,659330.0,0.2,1.45,0.12,1060.0,1.45,315614.5,108.9,True,62.64,0,,86.6,89.05,False,False
25-10-2024 17:00,YYAPI,4.05,4.09,4.05,4.09,642572.0,0.0,0.04,0.0,1900.0,0.04,352517.5,82.28,True,52.63,0,,4.04,4.14,False,False
25-10-2024 17:00,TATEN,32.22,32.84,32.2,32.82,218634.0,0.02,0.6,0.06,837.5,0.6,82162.3,166.1,True,60.73,0,,32.18,33.02,False,False
25-10-2024 17:00,XU100,8811.4,8921.64,8810.41,8910.48,512507168.0,11.16,99.08,4.09,2321.31,99.08,198491150.9,158.2,True,59.81,0,,8782.55,8920.17,False,False
25-10-2024 17:00,LMKDC,22.3,22.56,22.26,22.54,1617005.0,0.02,0.24,0.09,172.73,0.24,655886.5,146.54,True,80.44,0,,20.48,ATH,False,False
25-10-2024 17:00,HURGZ,3.84,3.92,3.84,3.92,570063.0,0.0,0.08,0.01,1233.33,0.08,153857.3,270.51,True,61.98,0,,3.81,3.96,False,False
25-10-2024 17:00,MARBL,12.03,12.14,12.03,12.12,253055.0,0.02,0.09,0.02,400.0,0.09,147256.7,71.85,True,59.78,0,,11.94,12.16,False,False
25-10-2024 17:00,ISMEN,32.32,32.96,32.3,32.92,1181329.0,0.04,0.6,0.11,455.56,0.6,459542.7,157.07,True,68.72,0,,31.58,ATH,False,False
25-10-2024 17:00,MANAS,16.9,17.25,16.9,17.17,1751117.0,0.08,0.27,0.04,542.86,0.27,618903.3,182.94,True,58.27,0,,16.36,17.99,False,False
25-10-2024 17:00,MAKTK,5.8,5.86,5.8,5.85,468170.0,0.01,0.05,0.0,4900.0,0.05,194417.4,140.81,True,51.19,0,,5.77,5.9,False,False
25-10-2024 17:00,ISDMR,35.74,36.1,35.72,36.1,496581.0,0.0,0.36,0.05,592.31,0.36,154236.6,221.96,True,62.41,0,,35.5,36.78,False,False
25-10-2024 17:00,MAGEN,20.0,20.34,19.99,20.3,743203.0,0.04,0.3,0.0,14900.0,0.3,183624.3,304.74,True,55.45,2,19.99,19.99,20.5,False,False
25-10-2024 17:00,KCAER,36.36,36.94,36.34,36.8,558735.0,0.14,0.44,0.01,4300.0,0.44,204169.4,173.66,True,59.86,0,,36.1,36.92,False,False
25-10-2024 17:00,LRSHO,2.01,2.03,2.0,2.03,1455063.0,0.0,0.02,0.0,566.67,0.02,609786.9,138.62,True,53.87,0,,1.99,2.09,True,False
25-10-2024 17:00,IHGZT,1.14,1.15,1.13,1.15,2093337.0,0.0,0.01,0.0,inf,0.01,929646.8,125.18,True,61.46,0,,1.12,ATH,False,False
25-10-2024 17:00,MEPET,9.65,9.98,9.63,9.9,579302.0,0.08,0.25,0.01,4900.0,0.25,158694.5,265.04,True,49.0,1,9.98,9.62,9.98,False,False
25-10-2024 17:00,KAREL,9.17,9.31,9.15,9.3,1803273.0,0.01,0.13,0.01,1200.0,0.13,602177.6,199.46,True,59.07,0,,9.07,9.38,False,False
25-10-2024 17:00,KLSER,33.84,34.34,33.84,34.26,306628.0,0.08,0.42,0.05,740.0,0.42,104385.6,193.75,True,67.27,0,,32.54,ATH,False,False
25-10-2024 16:00,KERVT,12.81,13.34,12.81,13.2,1493708.0,0.14,0.39,0.05,695.92,0.39,348914.9,328.1,True,71.11,0,,12.18,ATH,False,False
25-10-2024 15:00,SKYMD,9.5,9.62,9.48,9.6,163353.0,0.02,0.1,0.01,1566.67,0.1,62889.4,159.75,True,54.82,2,9.48,9.48,9.64,False,False
25-10-2024 15:00,GMTAS,10.28,10.69,10.23,10.63,750708.0,0.06,0.35,0.04,713.95,0.35,141256.2,431.45,True,76.39,1,10.69,9.94,10.69,False,False
25-10-2024 14:00,LILAK,24.7,25.56,24.64,25.56,6622717.0,0.0,0.86,0.08,1002.56,0.86,2051635.6,222.8,True,76.74,1,25.56,21.94,ATH,False,False
25-10-2024 14:00,GOZDE,25.24,25.9,25.22,25.74,270677.0,0.16,0.5,0.11,346.43,0.5,82928.4,226.4,True,68.34,0,,24.12,ATH,False,False
25-10-2024 13:00,LKMNH,14.35,14.61,14.33,14.6,159788.0,0.01,0.25,0.02,1462.5,0.25,77427.6,106.37,True,58.63,0,,14.29,14.65,False,False
25-10-2024 12:00,ZRGYO,10.88,11.28,10.85,11.23,692845.0,0.05,0.35,0.05,586.27,0.35,324452.1,113.54,True,74.46,0,,10.4,ATH,False,False
25-10-2024 11:00,DERHL,11.09,11.44,11.09,11.35,1540126.0,0.09,0.26,0.08,233.33,0.26,908585.2,69.51,True,75.56,0,,9.97,ATH,False,False
25-10-2024 11:00,BIOEN,18.78,18.89,18.74,18.87,684042.0,0.02,0.09,0.01,718.18,0.09,412439.9,65.85,True,52.37,0,,18.56,19.08,False,False
25-10-2024 10:00,KBORU,72.75,79.65,72.0,79.65,2141697.0,0.0,6.9,0.82,741.46,6.9,452636.2,373.16,True,80.59,1,79.65,68.75,ATH,False,False
25-10-2024 10:00,CATES,35.08,35.5,34.86,35.5,392236.0,0.0,0.42,0.05,677.78,0.42,84995.2,361.48,True,63.28,0,,33.88,36.48,False,False
25-10-2024 10:00,KNFRT,8.79,9.22,8.76,9.14,935860.0,0.08,0.35,0.04,695.45,0.35,233847.1,300.2,True,74.91,1,9.22,8.4,9.22,False,False
25-10-2024 10:00,BSOKE,52.3,53.2,52.3,53.0,275003.0,0.2,0.7,0.09,677.78,0.7,167516.8,64.16,True,58.53,0,,51.8,54.2,False,False
25-10-2024 10:00,HEDEF,3.06,3.1,3.06,3.09,125211.0,0.01,0.03,0.0,1400.0,0.03,53765.1,132.89,True,56.95,0,,3.01,3.15,False,False
25-10-2024 10:00,HUNER,3.01,3.1,3.01,3.09,2707203.0,0.01,0.08,0.01,1233.33,0.08,669390.6,304.43,True,63.09,2,3.01,3.01,3.13,False,False
25-10-2024 10:00,IHLGM,1.13,1.14,1.13,1.14,2504874.0,0.0,0.01,0.0,233.33,0.01,738794.6,239.05,True,61.39,0,,1.09,ATH,False,False
25-10-2024 10:00,INVEO,7.71,7.81,7.7,7.81,304480.0,0.0,0.1,0.02,316.67,0.1,151880.8,100.47,True,63.6,0,,7.5,ATH,False,False
25-10-2024 10:00,VAKFN,1.55,1.62,1.54,1.62,32578675.0,0.0,0.07,0.01,1066.67,0.07,4486989.7,626.07,True,78.81,1,1.62,1.47,ATH,False,False
25-10-2024 10:00,SEKFK,7.39,7.56,7.38,7.55,424694.0,0.01,0.16,0.01,1130.77,0.16,136767.8,210.52,True,46.36,2,7.38,7.38,8.02,False,False
25-10-2024 10:00,DMRGD,11.0,11.11,10.98,11.11,181771.0,0.0,0.11,0.02,378.26,0.11,102498.2,77.34,True,61.47,0,,10.68,11.3,False,False
25-10-2024 10:00,KCHOL,171.0,173.5,170.3,172.9,3397529.0,0.6,1.9,0.24,691.67,1.9,1268952.7,167.74,True,49.37,2,170.3,170.3,174.9,False,False
25-10-2024 10:00,LIDFA,2.87,2.93,2.86,2.92,1577570.0,0.01,0.05,0.0,1566.67,0.05,461423.5,241.89,True,57.62,0,,2.83,2.97,False,False
24-10-2024 17:00,OBAMS,36.26,37.7,36.26,37.66,1572921.0,0.04,1.4,0.15,858.9,1.4,375055.8,319.38,True,65.05,0,,36.1,ATH,True,True
24-10-2024 17:00,KARSN,14.85,15.16,14.77,15.11,6990499.0,0.05,0.26,0.04,519.05,0.26,2949394.9,137.01,True,62.74,0,,14.58,15.64,False,False
24-10-2024 17:00,PRDGS,4.96,5.02,4.94,5.01,296984.0,0.01,0.05,0.01,284.62,0.05,102327.5,190.23,True,57.2,0,,4.84,5.06,False,False
24-10-2024 17:00,PENGD,5.93,6.03,5.93,6.03,485268.0,0.0,0.1,0.01,733.33,0.1,174887.7,177.47,True,60.91,0,,5.83,6.13,False,False
24-10-2024 17:00,OZYSR,27.62,29.0,27.42,29.0,2034522.0,0.0,1.38,0.2,576.47,1.38,1293591.6,57.28,True,72.51,0,,24.26,ATH,False,False
24-10-2024 17:00,AKSA,8.13,8.23,8.11,8.21,2390879.0,0.02,0.08,0.01,1042.86,0.08,1109956.4,115.4,True,56.2,0,,8.04,8.25,False,False
24-10-2024 17:00,KRTEK,27.96,28.26,27.92,28.26,77309.0,0.0,0.3,0.03,1053.85,0.3,47257.0,63.59,True,50.27,0,,27.72,29.0,False,False
24-10-2024 14:00,DAGHL,17.53,18.1,17.51,17.99,400900.0,0.11,0.46,0.05,736.36,0.46,169555.1,136.44,True,64.35,0,,17.03,18.22,False,False
24-10-2024 13:00,KLSYN,5.55,5.68,5.43,5.65,632033.0,0.03,0.1,0.02,525.0,0.1,228605.8,176.47,True,65.28,1,5.68,5.37,5.68,False,False
24-10-2024 12:00,HOROZ,51.35,53.9,51.05,53.9,2380963.0,0.0,2.55,0.37,589.19,2.55,440506.5,440.51,True,74.64,0,,49.0,ATH,False,False
24-10-2024 11:00,BAYRK,17.96,18.84,17.95,18.67,3124971.0,0.17,0.71,0.01,5361.54,0.71,817384.7,282.31,True,49.2,0,,17.73,22.22,True,True
24-10-2024 10:00,SAFKR,50.4,55.75,50.2,54.8,2171239.0,0.95,4.4,0.44,900.0,4.4,255997.5,748.15,True,35.78,1,55.75,50.05,55.75,False,False
24-10-2024 10:00,PGSUS,239.7,242.1,239.3,242.0,1314951.0,0.1,2.3,0.04,5650.0,2.3,602591.1,118.22,True,56.61,0,,235.9,245.0,True,False
24-10-2024 10:00,HKTM,15.52,15.8,15.43,15.78,522873.0,0.02,0.26,0.0,5100.0,0.26,209879.4,149.13,True,62.11,0,,ATL,16.19,False,False
24-10-2024 10:00,SEGMN,16.86,17.26,16.85,17.2,156078.0,0.06,0.34,0.01,2733.33,0.34,101485.5,53.79,True,54.24,2,16.85,16.85,17.98,False,False
24-10-2024 10:00,SELEC,64.0,66.0,63.8,65.75,2595255.0,0.25,1.75,0.25,586.27,1.75,453838.3,471.85,True,63.73,1,66.0,62.35,66.0,False,False
24-10-2024 10:00,AKGRT,5.48,5.56,5.48,5.54,2981306.0,0.02,0.06,0.0,2900.0,0.06,1049505.2,184.07,True,58.13,0,,5.34,5.56,False,False
24-10-2024 10:00,NIBAS,18.55,19.68,18.54,19.54,1021731.0,0.14,0.99,0.03,2728.57,0.99,283800.3,260.02,True,60.89,0,,18.51,19.8,True,True
24-10-2024 10:00,ENJSA,53.65,54.25,53.65,54.1,467101.0,0.15,0.45,0.0,inf,0.45,274963.1,69.88,True,52.17,0,,53.45,55.15,False,False
24-10-2024 10:00,AVGYO,8.48,8.74,8.47,8.72,621421.0,0.02,0.24,0.03,757.14,0.24,237129.2,162.06,True,74.84,0,,8.39,ATH,False,False
24-10-2024 10:00,ANGEN,13.92,14.9,13.75,14.9,5395502.0,0.0,0.98,0.06,1589.66,0.98,1019498.1,429.23,True,69.3,1,14.9,13.46,ATH,False,False
24-10-2024 10:00,ICBCT,12.83,13.66,12.83,13.61,490726.0,0.05,0.78,0.07,1064.18,0.78,157007.9,212.55,True,70.16,1,13.66,12.75,13.66,True,True
24-10-2024 10:00,BORSK,21.28,22.6,21.26,22.32,1008156.0,0.28,1.04,0.05,1980.0,1.04,245789.7,310.17,True,72.18,1,22.6,20.64,22.6,False,False
24-10-2024 10:00,ARCLK,140.2,141.9,140.2,141.8,344166.0,0.1,1.6,0.03,5233.33,1.6,177837.8,93.53,True,53.85,0,,139.3,142.9,True,True
23-10-2024 17:00,BAHKM,43.2,43.8,42.94,43.8,241338.0,0.0,0.6,0.01,4185.71,0.6,114673.6,110.46,True,53.8,2,42.94,42.94,44.36,False,False
23-10-2024 16:00,PAPIL,73.05,77.9,72.5,77.05,1249269.0,0.85,4.0,0.42,841.18,4.0,247480.6,404.79,True,69.46,2,72.5,72.5,ATH,True,True
23-10-2024 14:00,PLTUR,21.76,23.0,21.74,22.86,716667.0,0.14,1.1,0.23,386.73,1.1,298609.8,140.0,True,84.36,1,23.0,19.91,23.0,False,False
23-10-2024 13:00,FLAP,10.36,11.26,10.35,11.07,10318181.0,0.19,0.71,0.03,2630.77,0.71,2332842.3,342.3,True,57.11,1,11.26,10.3,11.26,False,False
23-10-2024 13:00,KLKIM,28.8,29.16,28.56,29.1,535739.0,0.06,0.3,0.01,3650.0,0.3,330981.0,61.86,True,63.16,0,,28.4,29.36,False,False
23-10-2024 13:00,AHSGY,17.98,18.53,17.93,18.52,1429049.0,0.01,0.54,0.1,434.65,0.54,834077.3,71.33,True,73.91,0,,17.37,ATH,False,False
23-10-2024 12:00,BNTAS,9.89,10.44,9.88,10.37,2989023.0,0.07,0.48,0.07,576.06,0.48,627086.9,376.65,True,85.28,0,,9.58,ATH,False,False
23-10-2024 12:00,SELVA,10.34,10.54,10.34,10.54,554014.0,0.0,0.2,0.04,426.32,0.2,278454.7,98.96,True,62.7,0,,10.1,ATH,False,False
23-10-2024 11:00,SAMAT,19.31,20.1,19.3,19.99,1162188.0,0.11,0.68,0.01,4757.14,0.68,282460.5,311.45,True,54.79,0,,19.23,ATH,False,False
23-10-2024 10:00,BAKAB,34.6,36.74,34.6,36.74,702404.0,0.0,2.14,0.41,416.91,2.14,136661.4,413.97,True,92.79,1,36.74,30.06,ATH,False,False
23-10-2024 10:00,KOTON,16.2,17.47,16.14,17.39,4491506.0,0.08,1.19,0.13,844.44,1.19,796423.8,463.96,True,81.58,1,17.47,15.88,17.47,False,False
23-10-2024 10:00,SMRTG,37.56,39.88,37.22,39.3,7392951.0,0.58,1.74,0.18,877.53,1.74,2031013.8,264.0,True,78.16,1,39.88,34.0,39.88,False,False
22-10-2024 17:00,EDATA,13.62,13.79,13.6,13.76,211264.0,0.03,0.14,0.0,3400.0,0.14,117670.9,79.54,True,48.86,0,,13.51,ATH,False,False
22-10-2024 17:00,HEKTS,3.61,3.68,3.6,3.66,28600549.0,0.02,0.05,0.0,2400.0,0.05,15778156.0,81.27,True,46.84,0,,3.58,ATH,False,False
22-10-2024 17:00,CEMAS,3.68,3.8,3.67,3.77,6133741.0,0.03,0.09,0.02,373.68,0.09,2382990.0,157.4,True,79.09,0,,ATL,ATH,False,False
22-10-2024 17:00,DYOBY,21.08,21.62,21.06,21.48,458948.0,0.14,0.4,0.0,inf,0.4,172575.1,165.94,True,62.76,0,,20.34,ATH,False,False
22-10-2024 16:00,INFO,8.4,8.6,8.4,8.55,490129.0,0.05,0.15,0.0,4.22212465065984e+16,0.15,153418.2,219.47,True,53.97,1,8.6,8.19,8.6,False,False
22-10-2024 16:00,SANFM,32.56,33.72,32.5,33.62,395017.0,0.1,1.06,0.19,463.83,1.06,213783.8,84.77,True,76.51,0,,31.08,ATH,False,False
22-10-2024 15:00,BASGZ,24.98,25.44,24.96,25.32,170977.0,0.12,0.34,0.0,16900.0,0.34,68026.0,151.34,True,44.54,0,,24.94,ATH,False,False
22-10-2024 15:00,POLHO,10.29,10.43,10.28,10.42,441421.0,0.01,0.13,0.0,2500.0,0.13,163352.9,170.23,True,47.14,0,,10.22,ATH,False,False
22-10-2024 15:00,HALKB,15.86,16.39,15.85,16.3,7147083.0,0.09,0.44,0.01,2833.33,0.44,2997965.7,138.4,True,56.8,0,,ATL,ATH,False,False
22-10-2024 14:00,TKFEN,71.0,74.25,70.65,73.8,4522750.0,0.45,2.8,0.31,803.23,2.8,1412781.8,220.13,True,75.25,0,,68.9,ATH,False,False
22-10-2024 14:00,BORLS,40.52,41.38,40.38,41.34,431231.0,0.04,0.82,0.1,720.0,0.82,118977.4,262.45,True,56.74,0,,40.18,41.54,False,False
22-10-2024 11:00,GARAN,109.8,112.6,109.4,111.9,5091996.0,0.7,2.1,0.11,1809.09,2.1,2184968.0,133.05,True,51.28,0,,107.9,ATH,False,False
22-10-2024 11:00,AEFES,177.4,182.1,177.3,181.7,740032.0,0.4,4.3,0.38,1031.58,4.3,268566.5,175.55,True,61.32,0,,175.7,ATH,False,False
22-10-2024 10:00,VESTL,58.55,59.7,58.5,59.6,618645.0,0.1,1.05,0.04,2900.0,1.05,270882.7,128.38,True,51.92,0,,57.95,ATH,False,False
22-10-2024 10:00,ESEN,19.98,20.9,19.9,20.7,526075.0,0.2,0.72,0.07,914.08,0.72,108254.5,385.96,True,77.63,0,,ATL,ATH,False,False
22-10-2024 10:00,GWIND,22.92,23.7,22.9,23.56,1166939.0,0.14,0.64,0.03,2185.71,0.64,236894.3,392.6,True,41.68,2,22.9,22.9,ATH,False,False
22-10-2024 10:00,BRLSM,14.62,15.98,14.61,15.98,2962400.0,0.0,1.36,0.11,1092.98,1.36,384076.4,671.3,True,79.76,1,15.98,14.51,ATH,False,False
22-10-2024 10:00,DGNMO,8.87,9.06,8.81,9.02,533772.0,0.04,0.15,0.0,4900.0,0.15,175106.8,204.83,True,54.19,0,,8.79,ATH,False,False
22-10-2024 10:00,GSRAY,6.77,6.95,6.75,6.94,8382046.0,0.01,0.17,0.01,1114.29,0.17,2424338.0,245.75,True,65.0,0,,6.7,ATH,False,False
21-10-2024 11:00,AKFYE,17.47,18.15,17.44,18.08,2221091.0,0.07,0.61,0.01,7525.0,0.61,649805.5,241.81,True,,0,,17.28,ATH,False,False
21-10-2024 10:00,YEOTK,160.5,167.5,159.6,167.5,1089890.0,0.0,7.0,0.29,2313.79,7.0,158836.5,586.17,True,,1,167.5,ATL,ATH,False,False
21-10-2024 10:00,MAKIM,22.14,23.46,21.9,23.44,483968.0,0.02,1.3,0.04,3321.05,1.3,66832.4,624.15,True,,2,21.9,21.9,ATH,False,False
21-10-2024 10:00,DNISI,19.4,20.5,19.21,20.36,3012753.0,0.14,0.96,0.09,1016.28,0.96,966428.4,211.74,True,,0,,ATL,ATH,False,False
21-10-2024 10:00,BRSAN,462.75,484.0,462.75,479.75,832121.0,4.25,17.0,0.78,2093.55,17.0,295225.3,181.86,True,,0,,ATL,ATH,False,False
